|average_vote|exam_id|
|------------|-------|
|16,8824     |1      |
|16,4615     |2      |
|20,3333     |3      |
|27          |4      |
|17,5        |6      |
|19,6        |7      |
|6,5         |8      |
|12          |9      |
|17,4324     |11     |
|14,8889     |12     |
|22          |13     |
|18,0526     |16     |
|19          |17     |
|5,5         |18     |
|22          |19     |
|16,6176     |21     |
|15          |22     |
|12,75       |23     |
|12          |24     |
|3           |25     |
|19,1667     |26     |
|24,5        |27     |
|16,9583     |31     |
|17,25       |32     |
|20,1818     |36     |
|22          |37     |
|19,5263     |41     |
|20,6        |42     |
|17,4        |46     |
|16,3333     |47     |
|17,44       |51     |
|18,1667     |52     |
|11          |53     |
|19,3333     |54     |
|17,4545     |56     |
|15,2        |57     |
|9           |58     |
|14          |59     |
|21,6667     |61     |
|17,2        |66     |
|22,25       |67     |
|21          |68     |
|24          |71     |
|14          |72     |
|26          |73     |
|20,5455     |76     |
|22          |77     |
|8           |78     |
|32          |79     |
|15,875      |81     |
|27          |82     |
|20,1538     |86     |
|13          |87     |
|28          |88     |
|12,1111     |91     |
|23,3333     |92     |
|18,38       |96     |
|17,3889     |97     |
|11,3333     |98     |
|20          |99     |
|16,5        |101    |
|19,2        |102    |
|18,8        |103    |
|12,5        |104    |
|17,3889     |106    |
|15          |107    |
|20          |108    |
|16,4681     |111    |
|15,5833     |112    |
|24,5        |113    |
|14,2391     |116    |
|16,9412     |117    |
|19          |118    |
|9           |119    |
|19,5556     |121    |
|19,1667     |122    |
|12,5        |123    |
|19,5        |126    |
|16,7        |127    |
|10,6        |128    |
|24          |129    |
|17,2857     |131    |
|14,9167     |132    |
|14          |133    |
|12          |134    |
|16,6563     |136    |
|11,3636     |137    |
|14,75       |138    |
|4           |139    |
|19          |140    |
|18,8857     |141    |
|14          |142    |
|10          |143    |
|17,5556     |146    |
|12,7778     |147    |
|17          |148    |
|17,871      |151    |
|14,8571     |152    |
|25          |153    |
|17,625      |156    |
|16,7273     |157    |
|19,25       |158    |
|19,3214     |161    |
|18,2857     |162    |
|7           |163    |
|20          |164    |
|16,5        |166    |
|12,6        |167    |
|8           |168    |
|13,4722     |171    |
|17,1667     |172    |
|18          |173    |
|17,8788     |176    |
|17          |177    |
|28,6667     |178    |
|23,5294     |181    |
|19,2222     |186    |
|26,25       |187    |
|20,1579     |191    |
|17,5        |192    |
|19          |193    |
|21,7273     |196    |
|24          |197    |
|19,8        |201    |
|19,4286     |206    |
|9,5         |207    |
|10,5        |208    |
|26,5        |209    |
|14          |211    |
|25          |212    |
|32          |213    |
|19,3158     |216    |
|13,6        |217    |
|21          |218    |
|18,8667     |221    |
|23          |222    |
|26          |223    |
|18,3704     |226    |
|20,4        |227    |
|21,5        |228    |
|4           |229    |
|26          |230    |
|19          |231    |
|16,5        |232    |
|29          |233    |
|16,6923     |236    |
|20,6667     |237    |
|5           |238    |
|10          |239    |
|17,3667     |241    |
|18,8889     |242    |
|22,6667     |243    |
|20,7333     |246    |
|13,25       |247    |
|18          |248    |
|26          |249    |
|12,8485     |251    |
|17,7692     |252    |
|7,6667      |253    |
|8           |254    |
|18          |256    |
|22,625      |257    |
|27,5        |258    |
|18,7931     |261    |
|19,6        |262    |
|17,6364     |266    |
|18,3333     |267    |
|17,5        |268    |
|19,25       |271    |
|22,3333     |272    |
|19          |273    |
|20,8333     |276    |
|21,7143     |277    |
|17,5        |278    |
|15,0435     |281    |
|17,3333     |282    |
|33          |283    |
|13,7143     |286    |
|18,75       |287    |
|16,5        |288    |
|18,5714     |291    |
|6           |292    |
|17,4444     |296    |
|20,3333     |297    |
|21          |301    |
|16,6667     |302    |
|22          |303    |
|16,2        |306    |
|12          |307    |
|13          |308    |
|22          |309    |
|13,4        |311    |
|22          |312    |
|25,5        |313    |
|15,75       |316    |
|22          |317    |
|19,125      |321    |
|13          |322    |
|10          |323    |
|10          |324    |
|22          |325    |
|15,9474     |326    |
|15,5333     |327    |
|21,5        |328    |
|18,1935     |331    |
|18,6        |332    |
|16,5        |333    |
|5           |334    |
|15,2286     |336    |
|19,3846     |337    |
|22,6667     |338    |
|15,2903     |341    |
|17,5556     |342    |
|26,5        |343    |
|17,1        |346    |
|19,4444     |347    |
|19,5        |348    |
|16,4211     |351    |
|25,1667     |352    |
|4           |353    |
|15          |354    |
|17,3333     |356    |
|17,6667     |357    |
|18,7692     |361    |
|23          |362    |
|17          |363    |
|19,15       |366    |
|23,3333     |367    |
|16,6111     |371    |
|13,6667     |372    |
|23          |373    |
|16,75       |376    |
|21          |377    |
|19          |378    |
|6           |379    |
|17,6818     |381    |
|14,4286     |382    |
|23,5        |383    |
|19          |384    |
|18,6897     |386    |
|19          |387    |
|16          |388    |
|15          |389    |
|20,4091     |391    |
|17,3333     |392    |
|16          |393    |
|15,7692     |396    |
|19,8        |397    |
|14          |398    |
|8           |399    |
|13          |400    |
|16,2941     |401    |
|18,4        |402    |
|20,5556     |406    |
|24          |407    |
|21,2        |411    |
|7,3333      |412    |
|18          |413    |
|21,2308     |416    |
|17,25       |417    |
|20          |418    |
|18,4545     |421    |
|18,7143     |422    |
|18          |423    |
|15,5625     |426    |
|17,5455     |427    |
|8           |428    |
|14          |429    |
|18,6061     |431    |
|7,2         |432    |
|22          |433    |
|18,3        |436    |
|11,8571     |437    |
|21          |438    |
|13          |439    |
|21,4643     |441    |
|14,3333     |442    |
|32          |443    |
|20,9032     |446    |
|20,8333     |447    |
|25          |448    |
|16,5926     |451    |
|17          |452    |
|19          |453    |
|20,5758     |456    |
|17,3333     |457    |
|17,7714     |461    |
|14,3636     |462    |
|15,1667     |463    |
|18,3333     |464    |
|20,625      |466    |
|30          |467    |
|19,7368     |471    |
|18,5        |472    |
|23          |473    |
|18,9333     |476    |
|15,4        |477    |
|25,6667     |478    |
|19,6667     |481    |
|21,25       |482    |
|22,0526     |486    |
|20,5        |487    |
|16          |488    |
|22          |489    |
|18,2759     |491    |
|13          |492    |
|31          |493    |
|19,7879     |496    |
|16,8        |497    |
|7           |498    |
|15          |499    |
|31          |500    |
|17          |501    |
|19,8182     |502    |
|24          |503    |
|20          |504    |
|17,3939     |506    |
|15,2857     |507    |
|15,9722     |511    |
|14,3636     |512    |
|16,25       |513    |
|8           |514    |
|33          |515    |
|16,8889     |516    |
|15,4        |517    |
|18,6        |521    |
|14,8        |522    |
|20          |523    |
|15,3529     |526    |
|22          |527    |
|30          |528    |
|17,875      |531    |
|24,25       |532    |
|17,4118     |536    |
|16,8333     |537    |
|17,4583     |541    |
|12,375      |542    |
|16,4        |543    |
|25          |544    |
|17,9167     |546    |
|15,6667     |547    |
|25,5        |548    |
|18,0606     |551    |
|18,6667     |552    |
|28          |553    |
|17,0263     |556    |
|21,6364     |557    |
|26,5        |558    |
|20,4412     |561    |
|11,6667     |562    |
|17          |563    |
|8           |564    |
|18,4103     |566    |
|15,5        |567    |
|14,6667     |568    |
|27          |569    |
|17,125      |571    |
|17,25       |572    |
|11,3333     |573    |
|7           |574    |
|17,3636     |576    |
|23,2        |577    |
|10          |578    |
|32          |579    |
|16,7727     |581    |
|18,7143     |582    |
|17,28       |586    |
|13,4286     |587    |
|24,6667     |588    |
|15,56       |591    |
|12,2        |592    |
|18          |593    |
|9           |594    |
|17,6111     |596    |
|19,3333     |597    |
|6,5         |598    |
|7           |599    |
|4           |600    |
|16,875      |601    |
|19,2222     |602    |
|18,8        |603    |
|16,1667     |606    |
|13,7778     |607    |
|16          |608    |
|15,913      |611    |
|15,6        |612    |
|21,3333     |613    |
|19,2121     |616    |
|22,5        |617    |
|5           |618    |
|25          |619    |
|16,2647     |621    |
|17,3333     |622    |
|15,5        |623    |
|6           |624    |
|19,5122     |626    |
|17,5        |627    |
|14,5        |628    |
|27          |629    |
|19,9524     |631    |
|11,125      |632    |
|20,6        |633    |
|19,5        |634    |
|18          |635    |
|17,6667     |636    |
|18,625      |637    |
|20,5        |638    |
|16,3158     |641    |
|16,9        |642    |
|27,25       |643    |
|15,7778     |646    |
|15,4545     |647    |
|16          |648    |
|20          |649    |
|14,1111     |651    |
|15,3333     |652    |
|5           |653    |
|7           |654    |
|18,3636     |656    |
|16,3333     |657    |
|19,9474     |661    |
|15,5        |662    |
|15,9545     |666    |
|21,875      |667    |
|20          |668    |
|17,3462     |671    |
|20,5        |672    |
|20,88       |676    |
|21,5714     |677    |
|16,5714     |681    |
|19,5        |682    |
|22          |683    |
|14,5217     |686    |
|20,3333     |687    |
|17,5        |688    |
|3           |689    |
|26          |690    |
|15,8158     |691    |
|10,9        |692    |
|16,75       |693    |
|8           |694    |
|19          |696    |
|20,2222     |697    |
|26          |698    |
|18,825      |701    |
|16          |702    |
|17          |703    |
|13          |704    |
|16          |705    |
|18,5116     |706    |
|24,5556     |707    |
|20,641      |711    |
|14,6667     |712    |
|28          |713    |
|18,6563     |716    |
|22,4        |717    |
|3           |718    |
|27          |719    |
|17,2439     |721    |
|20,0833     |722    |
|27          |723    |
|16,3478     |726    |
|15,75       |727    |
|21,5        |728    |
|16,8261     |731    |
|27,6667     |732    |
|16,0909     |736    |
|20,7143     |737    |
|16,7857     |741    |
|16          |742    |
|31          |743    |
|17,037      |746    |
|20,3333     |747    |
|11          |748    |
|21          |749    |
|19,75       |751    |
|21,6        |752    |
|8           |753    |
|17,8387     |756    |
|16,1667     |757    |
|27,5        |758    |
|15,6774     |761    |
|20,2857     |762    |
|21          |763    |
|17,5278     |766    |
|16,2        |767    |
|25,5        |768    |
|15,2        |771    |
|15,2857     |772    |
|8,6667      |773    |
|19,5        |774    |
|17,8889     |776    |
|19,2857     |777    |
|16          |778    |
|18,4063     |781    |
|21,25       |782    |
|25,6667     |783    |
|5           |784    |
|31          |785    |
|16,0606     |786    |
|21          |787    |
|12,5        |788    |
|9           |789    |
|20,1111     |791    |
|12,6667     |792    |
|13          |793    |
|11          |794    |
|23          |795    |
|17,6053     |796    |
|23          |797    |
|15,5        |798    |
|19,1579     |801    |
|17,8        |802    |
|21          |803    |
|17,48       |806    |
|16          |807    |
|7           |808    |
|17          |811    |
|17,4        |812    |
|6           |813    |
|26          |814    |
|17,087      |816    |
|13,5        |817    |
|18,5        |818    |
|19          |821    |
|20,4        |822    |
|8,5         |823    |
|18,35       |826    |
|8,6667      |827    |
|24          |828    |
|4           |829    |
|29          |830    |
|12,2143     |831    |
|13,5        |832    |
|16          |833    |
|19,6667     |836    |
|26,8        |837    |
|20          |841    |
|27          |842    |
|20,0882     |846    |
|20          |847    |
|20,1282     |851    |
|13,8        |852    |
|27          |853    |
|20,9143     |856    |
|20,3333     |857    |
|9           |858    |
|16,9722     |861    |
|21,9        |862    |
|24          |863    |
|21,2424     |866    |
|16,1429     |867    |
|27,25       |868    |
|17,1818     |871    |
|19          |872    |
|11,75       |873    |
|6           |874    |
|30          |875    |
|18,1765     |876    |
|13,5        |877    |
|28          |878    |
|17,0833     |881    |
|16,25       |882    |
|15,6667     |886    |
|17          |887    |
|25          |888    |
|19,9        |891    |
|17          |892    |
|16,5        |893    |
|15,24       |896    |
|15,3        |897    |
|13,2        |898    |
|7           |899    |
|21,8        |901    |
|17,3333     |902    |
|18,6429     |906    |
|8           |907    |
|22          |908    |
|15,5333     |911    |
|21          |912    |
|4           |913    |
|18,8462     |916    |
|27          |917    |
|20,125      |921    |
|22,5        |922    |
|16,0714     |926    |
|16,4        |927    |
|4           |928    |
|19,5238     |931    |
|17          |932    |
|19          |933    |
|17,36       |936    |
|16,8571     |937    |
|19,0357     |941    |
|17,5        |942    |
|17          |943    |
|13          |944    |
|27          |945    |
|19,0714     |946    |
|16,8889     |947    |
|16,3333     |948    |
|26          |949    |
|21,6        |951    |
|16,5        |952    |
|33          |953    |
|19          |956    |
|17,6        |957    |
|20          |958    |
|17,6333     |961    |
|22,8        |962    |
|22          |963    |
|19,303      |966    |
|15,375      |967    |
|27          |968    |
|18,1875     |971    |
|17          |972    |
|11          |973    |
|11          |974    |
|15          |975    |
|20,4        |976    |
|19,3333     |977    |
|16,7619     |981    |
|18,75       |982    |
|33          |983    |
|18,8824     |986    |
|19,3333     |987    |
|21          |988    |
|12,5625     |991    |
|14,3333     |992    |
|19          |993    |
|14,4286     |996    |
|13,7778     |997    |
|18          |998    |
|15          |999    |
|10          |1.000  |
|15,6471     |1.001  |
|23,75       |1.002  |
|15,7692     |1.006  |
|12          |1.007  |
|11,5        |1.008  |
|12          |1.009  |
|9           |1.010  |
|23,4167     |1.011  |
|18,5        |1.012  |
|15,5        |1.016  |
|13,3333     |1.017  |
|23          |1.018  |
|17,5        |1.021  |
|18          |1.022  |
|9           |1.023  |
|16,1429     |1.026  |
|23,5        |1.027  |
|15,1        |1.031  |
|16          |1.032  |
|31          |1.033  |
|16,2222     |1.036  |
|18,3333     |1.037  |
|17,3333     |1.041  |
|16,5        |1.042  |
|32          |1.043  |
|17,4167     |1.046  |
|15,1538     |1.047  |
|20,5        |1.048  |
|12,5        |1.049  |
|17,6774     |1.051  |
|16,8889     |1.052  |
|29          |1.053  |
|17,8065     |1.056  |
|18,875      |1.057  |
|3           |1.058  |
|21          |1.059  |
|17,56       |1.061  |
|17,5        |1.062  |
|33          |1.063  |
|21,9091     |1.066  |
|13,5        |1.067  |
|19,6667     |1.071  |
|26,6667     |1.072  |
|15,4545     |1.076  |
|15,75       |1.077  |
|21          |1.078  |
|22,8947     |1.081  |
|17          |1.082  |
|18,5789     |1.086  |
|21,4        |1.087  |
|17,6522     |1.091  |
|16,8        |1.092  |
|22          |1.093  |
|17,6364     |1.096  |
|25,1667     |1.097  |
|19,9565     |1.101  |
|15,8333     |1.102  |
|20,5        |1.103  |
|17          |1.106  |
|20,9        |1.107  |
|13          |1.108  |
|25          |1.109  |
|18,1111     |1.111  |
|16,125      |1.112  |
|12          |1.113  |
|11          |1.114  |
|18,36       |1.116  |
|20,7143     |1.117  |
|13          |1.118  |
|11          |1.119  |
|15          |1.120  |
|20,8235     |1.121  |
|11,6667     |1.122  |
|19,5333     |1.126  |
|14,4        |1.127  |
|14,5        |1.128  |
|28          |1.129  |
|17,25       |1.131  |
|15          |1.132  |
|5           |1.133  |
|20,6111     |1.136  |
|20,8        |1.137  |
|12,6        |1.141  |
|22,5556     |1.142  |
|10,6667     |1.143  |
|16          |1.144  |
|18,8235     |1.146  |
|20          |1.147  |
|9           |1.148  |
|14,05       |1.151  |
|18,5        |1.152  |
|10          |1.153  |
|31          |1.154  |
|20,4444     |1.156  |
|20,5        |1.157  |
|17,5556     |1.161  |
|20,6667     |1.162  |
|26          |1.163  |
|17,8421     |1.166  |
|23,6667     |1.167  |
|19,8333     |1.171  |
|16,25       |1.172  |
|22          |1.173  |
|17          |1.176  |
|17,5        |1.177  |
|13          |1.178  |
|9           |1.179  |
|18,4583     |1.181  |
|20,25       |1.182  |
|14,8462     |1.186  |
|13,5        |1.187  |
|11          |1.188  |
|18,1429     |1.191  |
|18,6667     |1.192  |
|18          |1.193  |
|17,1333     |1.196  |
|22,75       |1.197  |
|28          |1.198  |
|16,5833     |1.201  |
|16          |1.202  |
|14,1818     |1.206  |
|18,25       |1.207  |
|21,6471     |1.211  |
|21,75       |1.212  |
|23,6154     |1.216  |
|20          |1.217  |
|15,6522     |1.221  |
|9,8889      |1.222  |
|23,75       |1.223  |
|16,8        |1.226  |
|14,2857     |1.227  |
|20,6667     |1.228  |
|14,2941     |1.231  |
|17,3333     |1.232  |
|25,6667     |1.233  |
|21,2778     |1.236  |
|19,5        |1.237  |
|23,5        |1.241  |
|16,4286     |1.246  |
|13,6667     |1.247  |
|23,5        |1.248  |
|17,9        |1.251  |
|15,4        |1.252  |
|18          |1.253  |
|16,5        |1.256  |
|28          |1.257  |
|18,5455     |1.261  |
|11,3333     |1.262  |
|15          |1.263  |
|31          |1.264  |
|16          |1.266  |
|14          |1.267  |
|8           |1.268  |
|13,8571     |1.271  |
|13          |1.272  |
|19          |1.273  |
|21,4286     |1.276  |
|19,3333     |1.277  |
|17,5472     |1.281  |
|20,3571     |1.282  |
|25          |1.283  |
|19,5417     |1.286  |
|14,1        |1.287  |
|20,4        |1.288  |
|20          |1.289  |
|18,8039     |1.291  |
|15,6        |1.292  |
|19          |1.293  |
|16,25       |1.296  |
|17,4118     |1.297  |
|15,1667     |1.298  |
|9,6667      |1.299  |
|29          |1.300  |
|15,2653     |1.301  |
|19,3529     |1.302  |
|19,6        |1.303  |
|14          |1.304  |
|18          |1.306  |
|20,3        |1.307  |
|18,3095     |1.311  |
|13,7        |1.312  |
|14          |1.313  |
|13          |1.314  |
|21          |1.315  |
|16,5385     |1.316  |
|22,2222     |1.317  |
|14          |1.318  |
|17,8621     |1.321  |
|13,6        |1.322  |
|15          |1.323  |
|17,871      |1.326  |
|17          |1.327  |
|17,5652     |1.331  |
|17,2857     |1.332  |
|15,6667     |1.333  |
|8           |1.334  |
|16,5667     |1.336  |
|18          |1.337  |
|19          |1.338  |
|15,8621     |1.341  |
|20          |1.342  |
|16,8621     |1.346  |
|18,1429     |1.347  |
|14,3333     |1.348  |
|15          |1.349  |
|15,4667     |1.351  |
|19,6667     |1.352  |
|5           |1.353  |
|8           |1.354  |
|17,8333     |1.356  |
|21,5        |1.357  |
|16          |1.358  |
|20,2857     |1.361  |
|18          |1.362  |
|18          |1.363  |
|20,9333     |1.366  |
|21          |1.367  |
|18,6667     |1.371  |
|11,3333     |1.372  |
|10          |1.373  |
|17,9286     |1.376  |
|16,5        |1.377  |
|21          |1.378  |
|16          |1.379  |
|6           |1.380  |
|18,8125     |1.381  |
|15,5        |1.382  |
|14          |1.383  |
|30          |1.384  |
|15,9394     |1.386  |
|25,1667     |1.387  |
|16,6757     |1.391  |
|20,0909     |1.392  |
|17,5        |1.393  |
|11          |1.394  |
|16,4375     |1.396  |
|17,6        |1.397  |
|23,6667     |1.398  |
|16,9        |1.401  |
|20,75       |1.402  |
|25,3333     |1.403  |
|18,0303     |1.406  |
|22,875      |1.407  |
|28          |1.408  |
|17,1111     |1.411  |
|18,5714     |1.412  |
|11          |1.413  |
|18,4706     |1.416  |
|14          |1.417  |
|9           |1.418  |
|18          |1.419  |
|18,5714     |1.421  |
|14,8        |1.422  |
|28,5        |1.423  |
|18,875      |1.426  |
|16,8571     |1.427  |
|18          |1.428  |
|19,6316     |1.431  |
|22,6        |1.432  |
|16,5        |1.433  |
|13          |1.434  |
|33          |1.435  |
|21,2609     |1.436  |
|19          |1.437  |
|15,4211     |1.441  |
|19,5        |1.442  |
|29          |1.443  |
|17,4762     |1.446  |
|20,6667     |1.447  |
|14,7273     |1.451  |
|15,3333     |1.452  |
|24          |1.453  |
|18,125      |1.456  |
|15,8333     |1.457  |
|12          |1.458  |
|29          |1.459  |
|16,68       |1.461  |
|13,375      |1.462  |
|18,3333     |1.463  |
|17,3571     |1.466  |
|20          |1.467  |
|31          |1.468  |
|22,5        |1.471  |
|16,6667     |1.472  |
|17,2222     |1.476  |
|30          |1.477  |
|17,5833     |1.481  |
|22          |1.482  |
|18          |1.483  |
|11,3        |1.486  |
|14,2        |1.487  |
|31          |1.488  |
|16,4857     |1.491  |
|23          |1.492  |
|8           |1.493  |
|21          |1.494  |
|16,9737     |1.496  |
|17,5833     |1.497  |
|26          |1.498  |
|17,75       |1.501  |
|16,5556     |1.502  |
|18,6667     |1.503  |
|20          |1.504  |
|16,125      |1.506  |
|16          |1.507  |
|21,2222     |1.511  |
|25          |1.512  |
|16,7027     |1.516  |
|19,2        |1.517  |
|21,4857     |1.521  |
|20,6667     |1.522  |
|27          |1.523  |
|17,8378     |1.526  |
|21,7143     |1.527  |
|17,6333     |1.531  |
|17,375      |1.532  |
|20,3333     |1.533  |
|20,6364     |1.536  |
|23,5        |1.537  |
|3           |1.538  |
|27          |1.539  |
|20,0345     |1.541  |
|12,8        |1.542  |
|27,5        |1.543  |
|16,6296     |1.546  |
|15,4286     |1.547  |
|18,5        |1.548  |
|29          |1.549  |
|18,4643     |1.551  |
|17,5        |1.552  |
|26          |1.553  |
|18,6667     |1.556  |
|9           |1.557  |
|27          |1.558  |
|16,3571     |1.561  |
|21,125      |1.562  |
|18          |1.563  |
|16,3478     |1.566  |
|21,2        |1.567  |
|19          |1.571  |
|14,5        |1.572  |
|23          |1.573  |
|19,6471     |1.576  |
|19,4286     |1.577  |
|27          |1.578  |
|18,3023     |1.581  |
|17,25       |1.582  |
|12,5        |1.583  |
|20,3429     |1.586  |
|19,3333     |1.587  |
|21          |1.588  |
|24          |1.589  |
|18,8        |1.591  |
|21          |1.592  |
|19,6486     |1.596  |
|19,4545     |1.597  |
|29          |1.598  |
|16,4242     |1.601  |
|13,9286     |1.602  |
|26,1667     |1.603  |
|18,7949     |1.606  |
|16          |1.607  |
|20,6667     |1.608  |
|13          |1.609  |
|17,5641     |1.611  |
|20,5        |1.612  |
|27,5        |1.613  |
|17,4375     |1.616  |
|18,2222     |1.617  |
|23,0357     |1.621  |
|31          |1.622  |
|19,5625     |1.626  |
|16,6        |1.627  |
|20          |1.628  |
|17,7813     |1.631  |
|14,5        |1.632  |
|8           |1.633  |
|4           |1.634  |
|17,7429     |1.636  |
|15,2857     |1.637  |
|21,75       |1.638  |
|31          |1.639  |
|15,8182     |1.641  |
|18,5385     |1.642  |
|9,75        |1.643  |
|10,5        |1.644  |
|17          |1.645  |
|19,4815     |1.646  |
|15          |1.647  |
|12,5        |1.648  |
|28          |1.649  |
|17,8276     |1.651  |
|16          |1.652  |
|20          |1.653  |
|17,0435     |1.656  |
|19,1667     |1.657  |
|16          |1.658  |
|19,6667     |1.661  |
|15          |1.662  |
|14,8824     |1.666  |
|12          |1.667  |
|17          |1.668  |
|30          |1.669  |
|20,0769     |1.671  |
|10,6667     |1.672  |
|24          |1.673  |
|23,8889     |1.676  |
|14,4706     |1.681  |
|18,8571     |1.682  |
|20          |1.683  |
|13          |1.684  |
|3           |1.685  |
|18,6111     |1.686  |
|20,75       |1.687  |
|25          |1.688  |
|18,125      |1.691  |
|17          |1.692  |
|9           |1.693  |
|20,5        |1.694  |
|19,9167     |1.696  |
|18,875      |1.697  |
|8           |1.698  |
|21,5        |1.699  |
|17          |1.701  |
|20,3333     |1.702  |
|8           |1.703  |
|20          |1.704  |
|16,3784     |1.706  |
|23          |1.707  |
|17,7097     |1.711  |
|15,75       |1.712  |
|15,5        |1.713  |
|31          |1.714  |
|15,9048     |1.716  |
|20          |1.717  |
|25          |1.718  |
|17,2308     |1.721  |
|24,3333     |1.722  |
|17,8276     |1.726  |
|16,8333     |1.727  |
|19,2593     |1.731  |
|18,375      |1.732  |
|19,84       |1.736  |
|6,8         |1.737  |
|28          |1.738  |
|19,2273     |1.741  |
|13,6        |1.742  |
|27          |1.743  |
|18,16       |1.746  |
|18,6667     |1.747  |
|16          |1.748  |
|18          |1.751  |
|19,875      |1.752  |
|12,6667     |1.753  |
|6           |1.754  |
|23          |1.755  |
|21          |1.756  |
|13          |1.757  |
|18          |1.758  |
|13,25       |1.761  |
|16          |1.762  |
|33          |1.763  |
|14,8889     |1.766  |
|16          |1.767  |
|14          |1.768  |
|25          |1.769  |
|19,0769     |1.771  |
|17          |1.772  |
|20,125      |1.776  |
|15,6667     |1.777  |
|20          |1.778  |
|17,4444     |1.781  |
|12          |1.782  |
|17,8333     |1.786  |
|24          |1.787  |
|15,5926     |1.791  |
|26          |1.792  |
|10          |1.793  |
|7           |1.794  |
|14,8065     |1.796  |
|16,8889     |1.797  |
|13          |1.798  |
|19,5588     |1.801  |
|14,1        |1.802  |
|11,5        |1.803  |
|20,5        |1.804  |
|18          |1.806  |
|14,2727     |1.807  |
|15          |1.808  |
|25,5        |1.809  |
|16,5135     |1.811  |
|18          |1.812  |
|18,05       |1.816  |
|20,6667     |1.817  |
|4           |1.818  |
|10          |1.819  |
|16,4667     |1.821  |
|16,1429     |1.822  |
|17,6667     |1.823  |
|15,8824     |1.826  |
|12,4167     |1.827  |
|20,4        |1.828  |
|17,9        |1.831  |
|19,5        |1.832  |
|8           |1.833  |
|18,4        |1.836  |
|16,5714     |1.837  |
|18          |1.838  |
|17,75       |1.841  |
|10,5        |1.842  |
|6           |1.843  |
|17          |1.844  |
|16,5185     |1.846  |
|15,5        |1.847  |
|22          |1.848  |
|21          |1.849  |
|19,1905     |1.851  |
|19          |1.852  |
|31          |1.853  |
|15,8        |1.856  |
|18,25       |1.857  |
|23          |1.858  |
|20,3077     |1.861  |
|17,3333     |1.862  |
|20,3636     |1.866  |
|20,5        |1.867  |
|30          |1.868  |
|16,0909     |1.871  |
|13          |1.872  |
|7           |1.873  |
|19,0714     |1.876  |
|24,25       |1.877  |
|16,6667     |1.881  |
|8           |1.882  |
|24          |1.883  |
|18          |1.886  |
|8,2         |1.887  |
|14,5        |1.888  |
|14,9756     |1.891  |
|22          |1.892  |
|16          |1.893  |
|31          |1.894  |
|19,6129     |1.896  |
|13,75       |1.897  |
|17          |1.898  |
|23          |1.899  |
|19,5714     |1.901  |
|12,7143     |1.902  |
|13          |1.903  |
|15,6765     |1.906  |
|19          |1.907  |
|3           |1.908  |
|18,2        |1.911  |
|13,6        |1.912  |
|22          |1.913  |
|20,5313     |1.916  |
|19,1429     |1.917  |
|5           |1.918  |
|17,9        |1.921  |
|14,7143     |1.922  |
|18,8        |1.923  |
|18,125      |1.926  |
|17,25       |1.927  |
|17,5        |1.928  |
|18,913      |1.931  |
|17,25       |1.932  |
|21,2105     |1.936  |
|18,5        |1.937  |
|11          |1.938  |
|15          |1.939  |
|25          |1.940  |
|18,08       |1.941  |
|20          |1.942  |
|18,7308     |1.946  |
|18          |1.947  |
|16          |1.948  |
|20,7368     |1.951  |
|17,8        |1.952  |
|12          |1.953  |
|9           |1.954  |
|30          |1.955  |
|19,3333     |1.956  |
|12          |1.957  |
|21          |1.961  |
|23          |1.962  |
|14,3333     |1.966  |
|15          |1.967  |
|16,5        |1.968  |
|28          |1.969  |
|18,4167     |1.971  |
|11,5        |1.972  |
|25          |1.973  |
|18,1538     |1.976  |
|11,3333     |1.977  |
|23          |1.978  |
|16,2143     |1.981  |
|17,1429     |1.982  |
|10,75       |1.983  |
|15,6667     |1.984  |
|15          |1.985  |
|11,6667     |1.986  |
|17          |1.987  |
|17,6667     |1.988  |
|19,5        |1.989  |
|32          |1.990  |
|19,4545     |1.991  |
|22,25       |1.992  |
|18          |1.996  |
|12,25       |1.997  |
|28          |1.998  |
|17,1739     |2.001  |
|20          |2.002  |
|28          |2.003  |
|21,52       |2.006  |
|11,6        |2.007  |
|15,6667     |2.008  |
|16,6552     |2.011  |
|15,5        |2.012  |
|15,5        |2.013  |
|15,3333     |2.016  |
|14,8        |2.017  |
|8           |2.018  |
|19          |2.019  |
|16,6897     |2.021  |
|18,25       |2.022  |
|21          |2.023  |
|21,1852     |2.026  |
|22,75       |2.027  |
|17,0526     |2.031  |
|19,7143     |2.032  |
|27          |2.033  |
|18,2353     |2.036  |
|21,3333     |2.037  |
|17,6667     |2.041  |
|22,75       |2.042  |
|18,3846     |2.046  |
|14,25       |2.047  |
|33          |2.048  |
|19,6        |2.051  |
|15,3333     |2.052  |
|18,75       |2.053  |
|24,5        |2.054  |
|15,0588     |2.056  |
|17,3636     |2.057  |
|7           |2.058  |
|18,4286     |2.061  |
|13,5        |2.062  |
|17          |2.063  |
|18          |2.064  |
|19,7407     |2.066  |
|18,75       |2.067  |
|15,5        |2.068  |
|21          |2.069  |
|16,9412     |2.071  |
|20          |2.072  |
|26          |2.073  |
|15,9512     |2.076  |
|18,2308     |2.077  |
|16,6        |2.078  |
|8           |2.079  |
|33          |2.080  |
|17,7391     |2.081  |
|19          |2.082  |
|17          |2.083  |
|14,5185     |2.086  |
|17,8        |2.087  |
|11          |2.088  |
|15,9333     |2.091  |
|17,75       |2.092  |
|17,7778     |2.096  |
|16,6667     |2.097  |
|10,4        |2.098  |
|18          |2.099  |
|25          |2.100  |
|14,625      |2.101  |
|19,5        |2.102  |
|9           |2.103  |
|19,2        |2.106  |
|14,5        |2.107  |
|13          |2.108  |
|4           |2.109  |
|16          |2.110  |
|16,5789     |2.111  |
|18          |2.112  |
|18,5        |2.113  |
|5           |2.114  |
|7           |2.115  |
|19,6364     |2.116  |
|16,25       |2.117  |
|20,5        |2.118  |
|30          |2.119  |
|17,7647     |2.121  |
|14,6        |2.122  |
|15          |2.123  |
|12,3684     |2.126  |
|20,2857     |2.127  |
|21          |2.128  |
|24          |2.129  |
|16,76       |2.131  |
|13,1        |2.132  |
|13,25       |2.133  |
|21          |2.134  |
|16,5946     |2.136  |
|19,6364     |2.137  |
|19,2        |2.138  |
|22          |2.139  |
|17,7027     |2.141  |
|17,75       |2.142  |
|24          |2.143  |
|17,5405     |2.146  |
|18          |2.147  |
|15,75       |2.148  |
|9           |2.149  |
|17,3143     |2.151  |
|21,2857     |2.152  |
|19,3256     |2.156  |
|18,6667     |2.157  |
|25          |2.158  |
|18,4848     |2.161  |
|20,7143     |2.162  |
|32          |2.163  |
|22,1923     |2.166  |
|7           |2.167  |
|17          |2.168  |
|6           |2.169  |
|11          |2.170  |
|16,8462     |2.171  |
|17,5        |2.172  |
|15,3333     |2.173  |
|11,5        |2.174  |
|31          |2.175  |
|18,2609     |2.176  |
|12,4        |2.177  |
|18,5        |2.178  |
|16          |2.179  |
|17,0714     |2.181  |
|15          |2.182  |
|13,3333     |2.183  |
|18,36       |2.186  |
|17,2857     |2.187  |
|13,5        |2.188  |
|10          |2.189  |
|17,8148     |2.191  |
|16,5        |2.192  |
|24          |2.193  |
|17,5333     |2.196  |
|17,7143     |2.197  |
|25          |2.198  |
|16,64       |2.201  |
|13,75       |2.202  |
|14          |2.203  |
|17,9643     |2.206  |
|13,875      |2.207  |
|18,5        |2.208  |
|6           |2.209  |
|28          |2.210  |
|17,5909     |2.211  |
|24,75       |2.212  |
|18,0417     |2.216  |
|14,4286     |2.217  |
|29          |2.218  |
|20          |2.221  |
|18,7143     |2.222  |
|15,3333     |2.226  |
|15,625      |2.227  |
|10,6667     |2.228  |
|30          |2.229  |
|18,7813     |2.231  |
|19,6        |2.232  |
|27          |2.233  |
|18,4211     |2.236  |
|17,25       |2.237  |
|11          |2.238  |
|8           |2.239  |
|27          |2.240  |
|19,8889     |2.241  |
|13,5        |2.242  |
|23          |2.243  |
|16,375      |2.246  |
|22,4        |2.247  |
|17,3889     |2.251  |
|22,2        |2.252  |
|16,6111     |2.256  |
|12,6667     |2.257  |
|12          |2.258  |
|30          |2.259  |
|17,7647     |2.261  |
|10,6667     |2.262  |
|16          |2.263  |
|20,0455     |2.266  |
|8,25        |2.267  |
|25          |2.268  |
|22,4643     |2.271  |
|16,6667     |2.272  |
|14          |2.273  |
|20,8571     |2.276  |
|12          |2.277  |
|12,5        |2.278  |
|18,5        |2.279  |
|5           |2.280  |
|18,1765     |2.281  |
|20,4545     |2.282  |
|17,3333     |2.283  |
|20          |2.284  |
|32          |2.285  |
|15,2632     |2.286  |
|25,8        |2.287  |
|21,1613     |2.291  |
|23          |2.292  |
|18,5        |2.296  |
|14          |2.297  |
|16,3889     |2.301  |
|23,8        |2.302  |
|17,3636     |2.306  |
|23,5        |2.307  |
|17,4737     |2.311  |
|21,1667     |2.312  |
|29          |2.313  |
|19,3043     |2.316  |
|9,4         |2.317  |
|19,6667     |2.318  |
|16,0556     |2.321  |
|16,3333     |2.322  |
|22          |2.323  |
|18,4412     |2.326  |
|21,0714     |2.327  |
|24,5        |2.328  |
|17,5926     |2.331  |
|23,25       |2.332  |
|19,1111     |2.336  |
|15,2857     |2.337  |
|17          |2.338  |
|27,5        |2.339  |
|19,9524     |2.341  |
|15,3333     |2.342  |
|18,0833     |2.346  |
|14,25       |2.347  |
|20          |2.348  |
|20,8125     |2.351  |
|17          |2.352  |
|28          |2.353  |
|16,6111     |2.356  |
|19          |2.357  |
|20,0714     |2.361  |
|13          |2.362  |
|18          |2.363  |
|19,4        |2.366  |
|15          |2.367  |
|16,7273     |2.371  |
|18          |2.372  |
|15,5        |2.373  |
|20,6429     |2.376  |
|25,3333     |2.377  |
|16,85       |2.381  |
|19          |2.382  |
|26          |2.383  |
|16,7368     |2.386  |
|13          |2.387  |
|18          |2.388  |
|23,4286     |2.391  |
|18,5455     |2.396  |
|21,5        |2.397  |
|4           |2.398  |
|16          |2.399  |
|17          |2.400  |
|17,75       |2.401  |
|15,3333     |2.402  |
|25          |2.403  |
|15,625      |2.406  |
|24          |2.407  |
|19,9231     |2.411  |
|6           |2.412  |
|22,6667     |2.416  |
|17,125      |2.421  |
|23,3333     |2.422  |
|24          |2.423  |
|17,1786     |2.426  |
|13,4        |2.427  |
|18,4        |2.428  |
|23          |2.429  |
|19,5        |2.431  |
|19,125      |2.432  |
|33          |2.433  |
|18,0667     |2.436  |
|19,75       |2.437  |
|15          |2.438  |
|17          |2.439  |
|17,9667     |2.441  |
|19          |2.442  |
|15          |2.443  |
|19          |2.444  |
|17          |2.446  |
|19,2727     |2.447  |
|18          |2.448  |
|21,4783     |2.451  |
|17          |2.452  |
|19,7059     |2.456  |
|21,3333     |2.457  |
|16,9048     |2.461  |
|12,6667     |2.462  |
|21,2632     |2.466  |
|23,5        |2.467  |
|21,1667     |2.471  |
|20,3333     |2.472  |
|17,1053     |2.476  |
|13,8        |2.477  |
|8           |2.478  |
|19,1818     |2.481  |
|18,6667     |2.482  |
|11          |2.483  |
|28          |2.484  |
|22,1667     |2.486  |
|16,3333     |2.487  |
|27          |2.488  |
|19,4783     |2.491  |
|24          |2.492  |
|19,1818     |2.496  |
|11          |2.497  |
|10          |2.498  |
|14          |2.499  |
|11          |2.500  |
|17,1        |2.501  |
|23,5        |2.502  |
|17,6667     |2.506  |
|17          |2.507  |
|20          |2.511  |
|23,25       |2.512  |
|16,7        |2.516  |
|16,6667     |2.517  |
|25          |2.518  |
|8           |2.519  |
|13          |2.520  |
|16,3        |2.521  |
|8,5         |2.522  |
|23          |2.523  |
|20,3846     |2.526  |
|24          |2.527  |
|16,6667     |2.531  |
|12,6667     |2.532  |
|12          |2.533  |
|19          |2.534  |
|17,4063     |2.536  |
|15          |2.537  |
|15          |2.538  |
|17,4412     |2.541  |
|18,8889     |2.542  |
|16          |2.543  |
|17,5556     |2.546  |
|12,6667     |2.547  |
|13,5        |2.548  |
|17,3333     |2.551  |
|21,2857     |2.552  |
|26,5        |2.553  |
|17,5161     |2.556  |
|18,4545     |2.557  |
|3           |2.558  |
|24          |2.559  |
|14,8947     |2.561  |
|19,25       |2.562  |
|18          |2.563  |
|16,6957     |2.566  |
|17,5        |2.567  |
|10,5        |2.568  |
|25,5        |2.569  |
|19,3913     |2.571  |
|25,6        |2.572  |
|18          |2.573  |
|20,7647     |2.576  |
|26,5        |2.577  |
|18,4583     |2.581  |
|23,125      |2.582  |
|17,6522     |2.586  |
|20,7143     |2.587  |
|29          |2.588  |
|17,8649     |2.591  |
|19,1429     |2.592  |
|19          |2.593  |
|19,1316     |2.596  |
|20,375      |2.597  |
|6           |2.598  |
|19,8974     |2.601  |
|16,3333     |2.602  |
|9           |2.603  |
|25          |2.604  |
|18,4103     |2.606  |
|20,625      |2.607  |
|15          |2.608  |
|27          |2.609  |
|17,825      |2.611  |
|17,8462     |2.612  |
|15          |2.613  |
|21,4242     |2.616  |
|16,125      |2.617  |
|14,5        |2.618  |
|15,8824     |2.621  |
|16,6364     |2.622  |
|25          |2.623  |
|19,1176     |2.626  |
|11,5        |2.627  |
|26          |2.628  |
|22          |2.631  |
|19,2        |2.632  |
|15          |2.633  |
|11          |2.634  |
|18,5217     |2.636  |
|16          |2.637  |
|16,0833     |2.641  |
|20,1429     |2.642  |
|14          |2.643  |
|18,7619     |2.646  |
|20,2        |2.647  |
|19,9167     |2.651  |
|16,75       |2.652  |
|16,5        |2.653  |
|18,4091     |2.656  |
|18,6667     |2.657  |
|23          |2.658  |
|16,6667     |2.661  |
|28,6667     |2.662  |
|19,5        |2.666  |
|17,7143     |2.667  |
|14          |2.668  |
|17,4167     |2.671  |
|21,2857     |2.672  |
|30          |2.673  |
|16,5263     |2.676  |
|21,4545     |2.677  |
|18          |2.678  |
|17,6552     |2.681  |
|17,2        |2.682  |
|7           |2.683  |
|29          |2.684  |
|18,8611     |2.686  |
|19,5        |2.687  |
|19          |2.688  |
|16,7576     |2.691  |
|20,4444     |2.692  |
|16          |2.693  |
|14          |2.694  |
|25          |2.695  |
|18,2581     |2.696  |
|15,6        |2.697  |
|20,1143     |2.701  |
|21          |2.702  |
|20          |2.703  |
|20,129      |2.706  |
|18          |2.707  |
|27,5        |2.708  |
|20          |2.711  |
|23,1667     |2.712  |
|22,5625     |2.716  |
|20          |2.717  |
|18,1905     |2.721  |
|18          |2.722  |
|27,5        |2.723  |
|16,75       |2.726  |
|19,8333     |2.727  |
|22          |2.728  |
|19,6667     |2.731  |
|20,8333     |2.732  |
|15          |2.733  |
|29          |2.734  |
|18,7727     |2.736  |
|16,5        |2.737  |
|21          |2.738  |
|17,4        |2.741  |
|16          |2.742  |
|23,5        |2.743  |
|20,5789     |2.746  |
|22,75       |2.747  |
|15          |2.751  |
|20,1667     |2.752  |
|17,0769     |2.756  |
|21          |2.757  |
|10          |2.758  |
|21,0833     |2.761  |
|16          |2.762  |
|10          |2.763  |
|26          |2.764  |
|20,8        |2.766  |
|11,5        |2.767  |
|7           |2.768  |
|12          |2.769  |
|18,5882     |2.771  |
|17,2        |2.772  |
|23,6667     |2.773  |
|26          |2.774  |
|18,5833     |2.776  |
|20,5        |2.777  |
|33          |2.778  |
|14,4286     |2.781  |
|10          |2.782  |
|18          |2.783  |
|14,3636     |2.786  |
|12          |2.787  |
|8           |2.788  |
|18          |2.789  |
|17,2143     |2.791  |
|10,75       |2.792  |
|10,75       |2.793  |
|22,5        |2.794  |
|18,4857     |2.796  |
|21,4545     |2.797  |
|25          |2.798  |
|16,9063     |2.801  |
|17,6        |2.802  |
|16,4643     |2.806  |
|18,8        |2.807  |
|19          |2.808  |
|15          |2.809  |
|19,0313     |2.811  |
|18,3333     |2.812  |
|17,3333     |2.813  |
|11          |2.814  |
|14          |2.815  |
|20,0526     |2.816  |
|3           |2.817  |
|21,6111     |2.821  |
|21          |2.822  |
|26          |2.823  |
|17,6        |2.826  |
|19,25       |2.827  |
|16,125      |2.831  |
|23,5714     |2.832  |
|15,2222     |2.836  |
|24,4286     |2.837  |
|24          |2.838  |
|15,7857     |2.841  |
|23,7143     |2.842  |
|16,2308     |2.846  |
|21,5        |2.847  |
|27          |2.848  |
|17,8667     |2.851  |
|16          |2.852  |
|21,9231     |2.856  |
|20,2727     |2.861  |
|24          |2.862  |
|17,5        |2.866  |
|17,4167     |2.871  |
|17          |2.872  |
|18          |2.876  |
|17,6667     |2.877  |
|22          |2.878  |
|19,5758     |2.881  |
|11,6667     |2.882  |
|15,5        |2.883  |
|24          |2.884  |
|19,8125     |2.886  |
|15,1667     |2.887  |
|19,7241     |2.891  |
|13,3333     |2.892  |
|13,5        |2.893  |
|26          |2.894  |
|20,1852     |2.896  |
|20,6667     |2.897  |
|6           |2.898  |
|17,973      |2.901  |
|12,5        |2.902  |
|10,5        |2.903  |
|20          |2.904  |
|18,75       |2.906  |
|18,1667     |2.907  |
|13          |2.908  |
|17,2143     |2.911  |
|21,8        |2.912  |
|15,2857     |2.916  |
|13,3        |2.917  |
|20          |2.918  |
|19,1034     |2.921  |
|20,1667     |2.922  |
|23,1176     |2.926  |
|27          |2.927  |
|17          |2.931  |
|28          |2.932  |
|11,125      |2.936  |
|19,6667     |2.937  |
|20,1818     |2.941  |
|20          |2.942  |
|7           |2.943  |
|33          |2.944  |
|18,7619     |2.946  |
|18,6667     |2.947  |
|19          |2.948  |
|20,2857     |2.951  |
|18,8        |2.952  |
|8           |2.953  |
|11          |2.954  |
|30          |2.955  |
|19,8571     |2.956  |
|16          |2.957  |
|15,7692     |2.961  |
|15,4        |2.962  |
|11          |2.963  |
|5           |2.964  |
|5           |2.965  |
|19,3333     |2.966  |
|10          |2.967  |
|5           |2.968  |
|13          |2.969  |
|32          |2.970  |
|17,5833     |2.971  |
|21,6667     |2.972  |
|19,2        |2.976  |
|9           |2.977  |
|13          |2.978  |
|17          |2.981  |
|14          |2.982  |
|5           |2.983  |
|22,2        |2.986  |
|18,25       |2.991  |
|5           |2.992  |
|20,5        |2.996  |
|18          |2.997  |
|15,7333     |3.001  |
|19,75       |3.002  |
|18,1724     |3.006  |
|22,75       |3.007  |
|31          |3.008  |
|16,1739     |3.011  |
|15          |3.012  |
|16,4138     |3.016  |
|17,5        |3.017  |
|7,5         |3.018  |
|19,6111     |3.021  |
|19          |3.022  |
|21          |3.023  |
|16,3        |3.026  |
|20,5        |3.027  |
|24          |3.028  |
|17,6875     |3.031  |
|17,6667     |3.032  |
|16,4583     |3.036  |
|15,3333     |3.037  |
|25          |3.038  |
|20,2632     |3.041  |
|8,5         |3.042  |
|6           |3.043  |
|22          |3.044  |
|17,5625     |3.046  |
|21,6667     |3.047  |
|16          |3.048  |
|7           |3.049  |
|6           |3.050  |
|18,0526     |3.051  |
|22,8        |3.052  |
|20,25       |3.056  |
|19,2        |3.057  |
|22          |3.058  |
|15,7273     |3.061  |
|11          |3.062  |
|29          |3.063  |
|13,9        |3.066  |
|22,2        |3.067  |
|14          |3.071  |
|14,6667     |3.072  |
|8           |3.073  |
|12,6        |3.076  |
|12,3333     |3.077  |
|19,3        |3.081  |
|32          |3.082  |
|17,875      |3.086  |
|20          |3.087  |
|20,6667     |3.091  |
|31          |3.092  |
|11,5556     |3.096  |
|17,6667     |3.097  |
|14          |3.098  |
|19,8        |3.101  |
|15,3333     |3.102  |
|5           |3.103  |
|28          |3.104  |
|17,7353     |3.106  |
|12,5        |3.107  |
|18          |3.108  |
|3           |3.109  |
|19,2727     |3.111  |
|21,9        |3.112  |
|16          |3.113  |
|16,0968     |3.116  |
|12,5        |3.117  |
|19,5        |3.118  |
|22          |3.119  |
|13,8065     |3.121  |
|19,3333     |3.122  |
|26          |3.123  |
|18,9091     |3.126  |
|13,5        |3.127  |
|12,3333     |3.128  |
|33          |3.129  |
|16,3784     |3.131  |
|19,7692     |3.132  |
|22          |3.133  |
|19,6176     |3.136  |
|21,2        |3.137  |
|20          |3.138  |
|21,4706     |3.141  |
|19,25       |3.142  |
|13,5        |3.143  |
|24,5        |3.144  |
|19,9091     |3.146  |
|6           |3.147  |
|17,5        |3.148  |
|30          |3.149  |
|18,6154     |3.151  |
|17,5        |3.152  |
|29          |3.153  |
|16,3478     |3.156  |
|19,5714     |3.157  |
|16,7895     |3.161  |
|20,2        |3.162  |
|18,5581     |3.166  |
|20          |3.167  |
|16          |3.171  |
|20,4615     |3.172  |
|19,6667     |3.173  |
|3           |3.174  |
|16,2857     |3.176  |
|24,75       |3.177  |
|22          |3.178  |
|20,8824     |3.181  |
|14          |3.182  |
|29,5        |3.183  |
|15,8235     |3.186  |
|17          |3.187  |
|17          |3.188  |
|24          |3.189  |
|19,4872     |3.191  |
|12,5        |3.192  |
|16,5        |3.193  |
|15          |3.194  |
|33          |3.195  |
|16,8276     |3.196  |
|16,1818     |3.197  |
|10,6667     |3.198  |
|5           |3.199  |
|26          |3.200  |
|18,5758     |3.201  |
|17,25       |3.202  |
|26,5        |3.203  |
|18,2069     |3.206  |
|18,4444     |3.207  |
|16,5        |3.208  |
|27          |3.209  |
|17,6        |3.211  |
|22,125      |3.212  |
|26          |3.213  |
|15,5217     |3.216  |
|14          |3.217  |
|32          |3.218  |
|20,32       |3.221  |
|13,2        |3.222  |
|20          |3.223  |
|18,5417     |3.226  |
|20,1111     |3.227  |
|27          |3.228  |
|17,4286     |3.231  |
|13,6        |3.232  |
|22          |3.233  |
|17,4762     |3.236  |
|19,8        |3.237  |
|12,5        |3.238  |
|19,2632     |3.241  |
|14,5        |3.242  |
|11          |3.243  |
|28          |3.244  |
|17,1212     |3.246  |
|21,25       |3.247  |
|14          |3.248  |
|27          |3.249  |
|18,5641     |3.251  |
|16,5556     |3.252  |
|20,5        |3.253  |
|18          |3.256  |
|21,75       |3.257  |
|3           |3.258  |
|19,3514     |3.261  |
|22          |3.262  |
|12,5        |3.263  |
|16,5        |3.264  |
|15          |3.265  |
|18,1563     |3.266  |
|14,1667     |3.267  |
|28          |3.268  |
|16,1212     |3.271  |
|18,5714     |3.272  |
|16,3571     |3.276  |
|16          |3.277  |
|19,3333     |3.278  |
|14,8485     |3.281  |
|15,2308     |3.282  |
|23,6667     |3.283  |
|7           |3.284  |
|17,6667     |3.286  |
|12,2        |3.287  |
|14,3333     |3.288  |
|17,2667     |3.291  |
|20,5        |3.292  |
|19          |3.293  |
|15,875      |3.296  |
|17,25       |3.297  |
|18,6667     |3.298  |
|11          |3.299  |
|8           |3.300  |
|18,1667     |3.301  |
|23          |3.302  |
|13,8235     |3.306  |
|12,8571     |3.307  |
|17          |3.308  |
|17,5        |3.309  |
|15,1739     |3.311  |
|26          |3.312  |
|20,9474     |3.316  |
|17          |3.317  |
|17          |3.318  |
|29          |3.319  |
|14          |3.321  |
|22          |3.322  |
|8           |3.323  |
|18,9167     |3.326  |
|23          |3.327  |
|4           |3.328  |
|17,4286     |3.331  |
|16          |3.332  |
|21,3333     |3.336  |
|23          |3.337  |
|18          |3.341  |
|22          |3.342  |
|12,875      |3.346  |
|23,2        |3.347  |
|16,1563     |3.351  |
|18,6667     |3.352  |
|6           |3.353  |
|17,7576     |3.356  |
|18,4286     |3.357  |
|20          |3.358  |
|17,9063     |3.361  |
|20,375      |3.362  |
|29          |3.363  |
|18,0313     |3.366  |
|16,25       |3.367  |
|30          |3.368  |
|18,6364     |3.371  |
|19,6        |3.372  |
|18,4063     |3.376  |
|14,2857     |3.377  |
|14          |3.378  |
|15          |3.379  |
|19,2857     |3.381  |
|15,1429     |3.382  |
|10,5        |3.383  |
|25          |3.384  |
|20,1111     |3.386  |
|21,4        |3.387  |
|20,6818     |3.391  |
|18,75       |3.392  |
|31          |3.393  |
|19,1364     |3.396  |
|14,6        |3.397  |
|24          |3.398  |
|17,8182     |3.401  |
|26,4        |3.402  |
|24          |3.403  |
|15,45       |3.406  |
|19          |3.407  |
|19          |3.408  |
|19,5667     |3.411  |
|16,7143     |3.412  |
|14          |3.413  |
|30          |3.414  |
|20,8095     |3.416  |
|15          |3.417  |
|31          |3.418  |
|21,6        |3.421  |
|22          |3.422  |
|15,8889     |3.426  |
|19,75       |3.427  |
|17          |3.428  |
|14,875      |3.431  |
|14,3333     |3.432  |
|17          |3.433  |
|15          |3.434  |
|20          |3.435  |
|20,25       |3.436  |
|17,2857     |3.441  |
|13          |3.442  |
|28          |3.443  |
|13,875      |3.446  |
|20,3333     |3.447  |
|16,3        |3.451  |
|18          |3.452  |
|21,2857     |3.456  |
|13,9091     |3.461  |
|16,8        |3.462  |
|13          |3.463  |
|28          |3.464  |
|19,9655     |3.466  |
|14,8333     |3.467  |
|24,5        |3.468  |
|21,2        |3.471  |
|20,75       |3.472  |
|18          |3.473  |
|17,5556     |3.476  |
|19,25       |3.477  |
|14          |3.478  |
|20          |3.479  |
|16,3077     |3.481  |
|18,4286     |3.482  |
|10          |3.483  |
|19,8        |3.486  |
|20,4        |3.487  |
|25,5        |3.488  |
|16          |3.491  |
|14,625      |3.492  |
|27,3333     |3.493  |
|22,7857     |3.496  |
|20          |3.497  |
|18,6429     |3.501  |
|19,6667     |3.502  |
|20,2727     |3.506  |
|17          |3.507  |
|20          |3.511  |
|16          |3.512  |
|19          |3.513  |
|16,2143     |3.516  |
|21,4        |3.517  |
|3           |3.518  |
|18,4286     |3.521  |
|13,6        |3.522  |
|28,5        |3.523  |
|20,375      |3.526  |
|25          |3.527  |
|15          |3.531  |
|20,5        |3.532  |
|13,7143     |3.536  |
|23          |3.537  |
|15,2222     |3.541  |
|17          |3.542  |
|8,5         |3.543  |
|22          |3.544  |
|17,8333     |3.546  |
|3           |3.547  |
|16,2        |3.551  |
|14,3333     |3.552  |
|17          |3.553  |
|33          |3.554  |
|22,2857     |3.556  |
|18          |3.557  |
|19,8333     |3.561  |
|24          |3.562  |
|18,4        |3.566  |
|9           |3.567  |
|19,7045     |3.571  |
|9,3333      |3.572  |
|20          |3.573  |
|29          |3.574  |
|17,1905     |3.576  |
|20,375      |3.577  |
|15,6744     |3.581  |
|16,2222     |3.582  |
|22,6667     |3.583  |
|17          |3.584  |
|24          |3.585  |
|18,3636     |3.586  |
|19,75       |3.587  |
|30          |3.588  |
|16,8649     |3.591  |
|16,7273     |3.592  |
|20,5        |3.593  |
|19          |3.594  |
|17          |3.595  |
|19,4054     |3.596  |
|24,8        |3.597  |
|16,5588     |3.601  |
|21,6364     |3.602  |
|10          |3.603  |
|14          |3.604  |
|17,5366     |3.606  |
|13,25       |3.607  |
|18,25       |3.608  |
|32          |3.609  |
|16,9737     |3.611  |
|15,5        |3.612  |
|18,75       |3.613  |
|10          |3.614  |
|6           |3.615  |
|16,6538     |3.616  |
|13,3333     |3.617  |
|22,6667     |3.618  |
|3           |3.619  |
|26          |3.620  |
|17,64       |3.621  |
|16,1111     |3.622  |
|19          |3.623  |
|19,32       |3.626  |
|18,4286     |3.627  |
|25          |3.628  |
|18,2381     |3.631  |
|19,6667     |3.632  |
|17,35       |3.636  |
|9           |3.637  |
|19          |3.638  |
|17,5        |3.641  |
|18,3333     |3.642  |
|8           |3.643  |
|15,2143     |3.646  |
|11,5        |3.647  |
|17,1111     |3.651  |
|24,6667     |3.652  |
|20,625      |3.656  |
|7           |3.657  |
|19,5556     |3.661  |
|19          |3.662  |
|31          |3.663  |
|19,5        |3.666  |
|16          |3.667  |
|5           |3.668  |
|18,9737     |3.671  |
|23,2857     |3.672  |
|33          |3.673  |
|17,7436     |3.676  |
|13,7778     |3.677  |
|23,6667     |3.678  |
|18,6667     |3.681  |
|18,7143     |3.682  |
|25          |3.683  |
|18,9744     |3.686  |
|17,25       |3.687  |
|7           |3.688  |
|19,5128     |3.691  |
|18,5556     |3.692  |
|7           |3.693  |
|10          |3.694  |
|19          |3.695  |
|17,2391     |3.696  |
|19,7333     |3.697  |
|4           |3.698  |
|5           |3.699  |
|19,0909     |3.701  |
|14,9231     |3.702  |
|18,2        |3.703  |
|25          |3.704  |
|16,7576     |3.706  |
|12,5714     |3.707  |
|16,25       |3.708  |
|27          |3.709  |
|17,2778     |3.711  |
|21,5455     |3.712  |
|9           |3.713  |
|32          |3.714  |
|21,25       |3.716  |
|13          |3.717  |
|19          |3.718  |
|15          |3.719  |
|14,3333     |3.721  |
|20,375      |3.722  |
|19          |3.723  |
|18,619      |3.726  |
|16,1        |3.727  |
|10          |3.728  |
|4           |3.729  |
|20,6316     |3.731  |
|21,2        |3.732  |
|22,5        |3.733  |
|20,7        |3.736  |
|19          |3.737  |
|25,4        |3.741  |
|19,2857     |3.746  |
|22          |3.747  |
|30          |3.748  |
|14          |3.751  |
|17,5        |3.752  |
|25          |3.753  |
|19          |3.754  |
|12,8        |3.756  |
|10,5        |3.757  |
|22          |3.758  |
|18,5714     |3.761  |
|11          |3.762  |
|9,6667      |3.766  |
|5           |3.767  |
|33          |3.768  |
|19          |3.771  |
|27          |3.772  |
|13,3333     |3.776  |
|11          |3.777  |
|18,2        |3.781  |
|17,5714     |3.782  |
|20          |3.783  |
|17          |3.784  |
|19,1111     |3.786  |
|12,5        |3.787  |
|19,6667     |3.788  |
|18,8519     |3.791  |
|24,5714     |3.792  |
|18,0286     |3.796  |
|15,375      |3.797  |
|23          |3.798  |
|17,6071     |3.801  |
|12,875      |3.802  |
|13,75       |3.803  |
|20          |3.804  |
|22          |3.805  |
|18,1        |3.806  |
|14,4        |3.807  |
|25          |3.808  |
|19,3704     |3.811  |
|11,75       |3.812  |
|28          |3.813  |
|20,4615     |3.816  |
|13          |3.817  |
|19,8929     |3.821  |
|21,1667     |3.822  |
|24          |3.823  |
|20,2609     |3.826  |
|21,8        |3.827  |
|28          |3.828  |
|19,1304     |3.831  |
|16,4        |3.832  |
|32          |3.833  |
|16,381      |3.836  |
|24,5        |3.837  |
|14          |3.841  |
|12,375      |3.842  |
|11,2        |3.843  |
|22,5        |3.844  |
|19,5294     |3.846  |
|17          |3.847  |
|29          |3.848  |
|18,619      |3.851  |
|18          |3.852  |
|20          |3.853  |
|14,7        |3.856  |
|8,75        |3.857  |
|20          |3.858  |
|17,375      |3.861  |
|15          |3.862  |
|19,375      |3.866  |
|8           |3.867  |
|22          |3.868  |
|18,5714     |3.871  |
|27          |3.872  |
|16,7857     |3.876  |
|27,5        |3.877  |
|17,4        |3.881  |
|22          |3.882  |
|18,5333     |3.886  |
|14,3333     |3.887  |
|18,2        |3.891  |
|14,5        |3.892  |
|16,5758     |3.896  |
|15,3333     |3.897  |
|18,6667     |3.898  |
|24          |3.899  |
|17,4857     |3.901  |
|18,8571     |3.902  |
|11,5        |3.903  |
|6           |3.904  |
|30          |3.905  |
|14,9024     |3.906  |
|22,4615     |3.907  |
|15,3333     |3.908  |
|22          |3.909  |
|18,5833     |3.911  |
|21,7273     |3.912  |
|27          |3.913  |
|16,5758     |3.916  |
|21,75       |3.917  |
|22          |3.918  |
|18,3077     |3.921  |
|14,875      |3.922  |
|16          |3.923  |
|18,9143     |3.926  |
|16          |3.927  |
|19          |3.928  |
|16,0968     |3.931  |
|20,25       |3.932  |
|17,5789     |3.936  |
|18,6364     |3.937  |
|9,5         |3.938  |
|26          |3.939  |
|18,7692     |3.941  |
|21,1429     |3.942  |
|12          |3.943  |
|19,5        |3.944  |
|15,16       |3.946  |
|16,8333     |3.947  |
|11,8        |3.948  |
|22,5        |3.949  |
|25          |3.950  |
|18,24       |3.951  |
|24,25       |3.952  |
|18,6538     |3.956  |
|21,8571     |3.957  |
|14          |3.958  |
|19,8462     |3.961  |
|21,5714     |3.962  |
|3           |3.963  |
|18,037      |3.966  |
|12,4        |3.967  |
|14          |3.968  |
|24          |3.969  |
|16,6667     |3.971  |
|20,8889     |3.972  |
|23          |3.973  |
|18,6087     |3.976  |
|16,5        |3.977  |
|33          |3.978  |
|18,7619     |3.981  |
|19,2        |3.982  |
|17          |3.983  |
|27          |3.984  |
|18,4        |3.986  |
|14,75       |3.987  |
|24,3333     |3.988  |
|14,0526     |3.991  |
|19,6429     |3.992  |
|17,3333     |3.993  |
|4           |3.994  |
|16          |3.995  |
|19,0909     |3.996  |
|17          |3.997  |
|18,5        |3.998  |
|19          |3.999  |
|20,0333     |4.001  |
|19,4        |4.002  |
|31          |4.003  |
|18,1613     |4.006  |
|20,6667     |4.007  |
|13,5        |4.008  |
|18,5        |4.009  |
|17,087      |4.011  |
|21,1667     |4.012  |
|11,7391     |4.016  |
|19,5        |4.017  |
|6           |4.018  |
|22          |4.019  |
|15,6957     |4.021  |
|19,4        |4.022  |
|17,5        |4.023  |
|18,75       |4.026  |
|23,2        |4.027  |
|5           |4.028  |
|30          |4.029  |
|17,9524     |4.031  |
|13,2        |4.032  |
|24,5        |4.033  |
|20,8421     |4.036  |
|17          |4.037  |
|20          |4.041  |
|24,3333     |4.042  |
|11,75       |4.046  |
|24          |4.047  |
|13,5        |4.051  |
|13,6        |4.052  |
|29          |4.053  |
|10,75       |4.056  |
|9           |4.057  |
|13          |4.058  |
|17,6667     |4.061  |
|12          |4.062  |
|17,9091     |4.066  |
|9,3333      |4.067  |
|30,5        |4.068  |
|14,8571     |4.071  |
|9,3333      |4.072  |
|24,5        |4.073  |
|4           |4.074  |
|21,8        |4.076  |
|27          |4.077  |
|16,8621     |4.081  |
|16,5714     |4.082  |
|22,3333     |4.083  |
|20,6571     |4.086  |
|23,75       |4.087  |
|17          |4.088  |
|23          |4.089  |
|16,7209     |4.091  |
|19,9        |4.092  |
|9           |4.093  |
|16,8421     |4.096  |
|24,125      |4.097  |
|18          |4.098  |
|19,775      |4.101  |
|21,2        |4.102  |
|19          |4.103  |
|19,5313     |4.106  |
|8,5         |4.107  |
|18          |4.108  |
|17,4615     |4.111  |
|16,8667     |4.112  |
|20,5        |4.113  |
|15          |4.114  |
|17,973      |4.116  |
|19,5        |4.117  |
|13          |4.118  |
|27          |4.119  |
|17,9091     |4.121  |
|18,5        |4.122  |
|15,5        |4.123  |
|17,5909     |4.126  |
|21          |4.127  |
|16,5833     |4.131  |
|17,75       |4.132  |
|10          |4.133  |
|18,7692     |4.136  |
|11,1429     |4.137  |
|19,75       |4.138  |
|20          |4.139  |
|20,3333     |4.141  |
|21,8333     |4.142  |
|18,2121     |4.146  |
|22,6667     |4.147  |
|29          |4.148  |
|15,7        |4.151  |
|19,5        |4.152  |
|20,5882     |4.156  |
|21,5        |4.157  |
|15,5333     |4.161  |
|19,5714     |4.162  |
|20          |4.163  |
|16,9286     |4.166  |
|20,4        |4.167  |
|3           |4.168  |
|18          |4.169  |
|16,3333     |4.171  |
|19,2857     |4.172  |
|16,3077     |4.176  |
|13          |4.177  |
|18,3214     |4.181  |
|13,5        |4.182  |
|29          |4.183  |
|19,0645     |4.186  |
|14,75       |4.187  |
|22          |4.188  |
|18          |4.189  |
|16,7917     |4.191  |
|19,625      |4.192  |
|23          |4.193  |
|18,5185     |4.196  |
|22,8889     |4.197  |
|27          |4.198  |
|20,32       |4.201  |
|15          |4.202  |
|15,4074     |4.206  |
|18,25       |4.207  |
|21,6        |4.208  |
|20          |4.209  |
|16,8438     |4.211  |
|15,1667     |4.212  |
|12          |4.213  |
|28          |4.214  |
|16,5        |4.216  |
|20,2        |4.217  |
|16          |4.221  |
|20,4286     |4.222  |
|25          |4.223  |
|19,65       |4.226  |
|15,5        |4.227  |
|6           |4.228  |
|15,6316     |4.231  |
|17          |4.232  |
|27          |4.233  |
|17,9375     |4.236  |
|12,25       |4.237  |
|17,5        |4.238  |
|15,8333     |4.241  |
|16,2        |4.242  |
|20,3571     |4.246  |
|27,5        |4.247  |
|16,6667     |4.251  |
|12,6667     |4.252  |
|10          |4.253  |
|12,2        |4.256  |
|10          |4.257  |
|14,1667     |4.261  |
|27          |4.262  |
|16          |4.266  |
|10          |4.267  |
|19          |4.268  |
|23,5        |4.271  |
|13          |4.272  |
|5           |4.273  |
|13          |4.274  |
|16          |4.275  |
|15,5        |4.276  |
|19          |4.277  |
|16,375      |4.281  |
|16,5        |4.282  |
|24          |4.283  |
|18,1389     |4.286  |
|19,6154     |4.287  |
|11,75       |4.288  |
|13          |4.289  |
|18,2857     |4.291  |
|17          |4.292  |
|15,8        |4.296  |
|12,6        |4.297  |
|32          |4.298  |
|15,9773     |4.301  |
|17,8462     |4.302  |
|22,3333     |4.303  |
|4           |4.304  |
|16,1556     |4.306  |
|17,2727     |4.307  |
|16          |4.308  |
|12,25       |4.309  |
|28          |4.310  |
|21,8333     |4.311  |
|14,5        |4.312  |
|15,56       |4.316  |
|17,1429     |4.317  |
|9,5         |4.318  |
|7           |4.319  |
|18,1538     |4.321  |
|21,5        |4.322  |
|18,5        |4.323  |
|19          |4.326  |
|19,25       |4.327  |
|13          |4.328  |
|28          |4.329  |
|19,9615     |4.331  |
|17,4        |4.332  |
|23,5        |4.333  |
|18          |4.334  |
|16,7241     |4.336  |
|21,25       |4.337  |
|22,5        |4.338  |
|20          |4.341  |
|15,6667     |4.342  |
|17,25       |4.343  |
|18,5        |4.344  |
|17,087      |4.346  |
|13,25       |4.347  |
|21          |4.348  |
|11          |4.349  |
|5           |4.350  |
|15,2        |4.351  |
|15,6        |4.352  |
|29,6667     |4.353  |
|18,3        |4.356  |
|20,3333     |4.357  |
|19,4118     |4.361  |
|19,2353     |4.366  |
|19          |4.367  |
|17          |4.368  |
|9           |4.369  |
|15,3333     |4.371  |
|23          |4.372  |
|21          |4.373  |
|17          |4.374  |
|6           |4.375  |
|22,25       |4.376  |
|18,1538     |4.381  |
|24,5        |4.382  |
|17,2143     |4.386  |
|14,5        |4.387  |
|17          |4.388  |
|15          |4.389  |
|16,8077     |4.391  |
|16          |4.392  |
|9           |4.393  |
|18,4063     |4.396  |
|21          |4.397  |
|16          |4.398  |
|21          |4.399  |
|13,8919     |4.401  |
|18,1176     |4.402  |
|17,25       |4.403  |
|29          |4.404  |
|16,2353     |4.406  |
|13,7143     |4.407  |
|18,3333     |4.408  |
|18,5429     |4.411  |
|14,625      |4.412  |
|21          |4.413  |
|20,44       |4.416  |
|20,2        |4.417  |
|14          |4.418  |
|7           |4.419  |
|7           |4.420  |
|16,5        |4.421  |
|13,6667     |4.422  |
|16,5        |4.423  |
|6           |4.424  |
|14,6        |4.426  |
|15          |4.427  |
|27          |4.428  |
|16,4091     |4.431  |
|18,125      |4.432  |
|23,5        |4.433  |
|18,2857     |4.436  |
|17,8333     |4.437  |
|16,75       |4.441  |
|15,2        |4.442  |
|24          |4.443  |
|16,7391     |4.446  |
|18,3333     |4.447  |
|16,5833     |4.451  |
|14,9        |4.452  |
|11,5        |4.453  |
|26,5        |4.454  |
|15,1905     |4.456  |
|22          |4.457  |
|24          |4.458  |
|18,3333     |4.461  |
|14          |4.462  |
|18          |4.463  |
|21,0333     |4.466  |
|20,6667     |4.467  |
|18,5217     |4.471  |
|19,875      |4.472  |
|7           |4.473  |
|23          |4.474  |
|16,3103     |4.476  |
|13,4        |4.477  |
|30          |4.478  |
|18,6923     |4.481  |
|16,4444     |4.482  |
|14          |4.483  |
|10          |4.484  |
|13,5        |4.485  |
|17,5111     |4.486  |
|14          |4.487  |
|18,6667     |4.488  |
|27          |4.489  |
|20,1818     |4.491  |
|24,6667     |4.492  |
|17,36       |4.496  |
|19,875      |4.497  |
|30,5        |4.498  |
|18,6364     |4.501  |
|23,5        |4.502  |
|20          |4.503  |
|18,0526     |4.506  |
|20,75       |4.507  |
|16          |4.508  |
|20,96       |4.511  |
|27          |4.512  |
|16,6        |4.516  |
|14,3333     |4.517  |
|21,75       |4.521  |
|15          |4.522  |
|18,6667     |4.523  |
|18,25       |4.526  |
|19,2        |4.527  |
|18,0476     |4.531  |
|21,8        |4.532  |
|10          |4.533  |
|19,4444     |4.536  |
|22,75       |4.537  |
|21          |4.538  |
|18,5769     |4.541  |
|22,5714     |4.542  |
|18,9524     |4.546  |
|18,8333     |4.547  |
|14,5        |4.548  |
|19,3889     |4.551  |
|26          |4.552  |
|14,3684     |4.556  |
|12,6        |4.557  |
|14          |4.558  |
|15          |4.559  |
|20,2917     |4.561  |
|14,8        |4.562  |
|17,5        |4.563  |
|17,2778     |4.566  |
|25,5        |4.567  |
|19          |4.568  |
|20,8421     |4.571  |
|9,5         |4.572  |
|10          |4.573  |
|23          |4.574  |
|17,6316     |4.576  |
|18,2222     |4.577  |
|16,5        |4.578  |
|28          |4.579  |
|17,6842     |4.581  |
|13,8571     |4.582  |
|15,25       |4.583  |
|23          |4.584  |
|16,7333     |4.586  |
|29          |4.587  |
|20,05       |4.591  |
|14,5        |4.592  |
|18,5263     |4.596  |
|15,375      |4.597  |
|25          |4.598  |
|15          |4.599  |
|27          |4.600  |
|16,125      |4.601  |
|19,75       |4.602  |
|16,8235     |4.606  |
|8,6667      |4.607  |
|21          |4.608  |
|17,5263     |4.611  |
|16          |4.612  |
|22          |4.613  |
|15,1667     |4.616  |
|15,5714     |4.617  |
|24          |4.618  |
|20,1111     |4.621  |
|20,5        |4.622  |
|19          |4.623  |
|16,8261     |4.626  |
|14          |4.627  |
|16,6        |4.628  |
|9,3333      |4.629  |
|17,325      |4.631  |
|17          |4.632  |
|14,6667     |4.633  |
|9           |4.634  |
|30          |4.635  |
|19,1935     |4.636  |
|21,875      |4.637  |
|24          |4.638  |
|18,9091     |4.641  |
|19,8182     |4.642  |
|22          |4.643  |
|18,6563     |4.646  |
|23,1667     |4.647  |
|16,6053     |4.651  |
|22,8571     |4.652  |
|8,5         |4.653  |
|18,8205     |4.656  |
|12,4        |4.657  |
|20          |4.658  |
|21,8485     |4.661  |
|19,4444     |4.662  |
|10,5        |4.663  |
|28          |4.664  |
|17,3333     |4.666  |
|19,75       |4.667  |
|12,3333     |4.668  |
|8           |4.669  |
|19,2692     |4.671  |
|22          |4.672  |
|14,5        |4.673  |
|26          |4.674  |
|17,6667     |4.676  |
|20,4286     |4.677  |
|17,7273     |4.681  |
|21,8571     |4.682  |
|25,5        |4.683  |
|19,1739     |4.686  |
|15,4286     |4.687  |
|16,6818     |4.691  |
|24          |4.692  |
|13          |4.693  |
|16,5417     |4.696  |
|16,2222     |4.697  |
|9,6         |4.698  |
|24          |4.699  |
|17,0625     |4.701  |
|21,5714     |4.702  |
|17          |4.703  |
|17,4118     |4.706  |
|21,6        |4.707  |
|17,5        |4.708  |
|4           |4.709  |
|17,2        |4.711  |
|21,2727     |4.712  |
|17          |4.713  |
|19          |4.714  |
|19,5294     |4.716  |
|23,5        |4.717  |
|19,9697     |4.721  |
|21,5714     |4.722  |
|5           |4.723  |
|23          |4.724  |
|16,9167     |4.726  |
|20,6154     |4.727  |
|20          |4.728  |
|19,6786     |4.731  |
|17          |4.732  |
|15          |4.733  |
|25          |4.734  |
|17,1        |4.736  |
|18,5714     |4.737  |
|18          |4.738  |
|20          |4.741  |
|18,4        |4.742  |
|15          |4.743  |
|18,5652     |4.746  |
|19,2        |4.747  |
|33          |4.748  |
|17,2667     |4.751  |
|17,2222     |4.752  |
|8           |4.753  |
|16,6923     |4.756  |
|16,5        |4.757  |
|17,6667     |4.758  |
|19,5833     |4.761  |
|18,2857     |4.762  |
|18          |4.766  |
|15,1667     |4.767  |
|16          |4.768  |
|18          |4.769  |
|13,9091     |4.771  |
|15,3333     |4.772  |
|9,5         |4.773  |
|19,4615     |4.776  |
|20,8        |4.777  |
|3           |4.778  |
|28          |4.779  |
|17,9375     |4.781  |
|19          |4.782  |
|23,3333     |4.783  |
|14          |4.784  |
|18,8        |4.786  |
|19,6667     |4.787  |
|19,3636     |4.791  |
|19,3333     |4.792  |
|13,75       |4.796  |
|16,1667     |4.797  |
|27          |4.798  |
|15,9167     |4.801  |
|20,6667     |4.802  |
|16,3571     |4.806  |
|17,7143     |4.807  |
|32          |4.808  |
|17,6129     |4.811  |
|8,5         |4.812  |
|19,75       |4.813  |
|26,5        |4.814  |
|19,3667     |4.816  |
|19,25       |4.817  |
|18,6        |4.821  |
|19,75       |4.822  |
|18,3243     |4.826  |
|13,8889     |4.827  |
|26,5        |4.828  |
|8           |4.829  |
|17,3529     |4.831  |
|11,9        |4.832  |
|17          |4.833  |
|18,1429     |4.836  |
|13,1        |4.837  |
|21          |4.838  |
|19,3125     |4.841  |
|19,6667     |4.842  |
|11          |4.843  |
|17,4074     |4.846  |
|16,8333     |4.847  |
|18          |4.848  |
|13,5        |4.849  |
|4           |4.850  |
|19,5926     |4.851  |
|20          |4.852  |
|17,7222     |4.856  |
|15,2        |4.857  |
|25          |4.858  |
|17,9643     |4.861  |
|17,8571     |4.862  |
|6           |4.863  |
|18,8        |4.866  |
|13,2        |4.867  |
|24          |4.868  |
|16,8214     |4.871  |
|14,3333     |4.872  |
|24,5        |4.873  |
|18,1875     |4.876  |
|12,6667     |4.877  |
|16          |4.878  |
|22,5        |4.879  |
|20,04       |4.881  |
|12          |4.882  |
|30          |4.883  |
|17,0714     |4.886  |
|18,8889     |4.887  |
|26          |4.888  |
|17,8571     |4.891  |
|17,75       |4.892  |
|27          |4.893  |
|18,4054     |4.896  |
|18,75       |4.897  |
|15          |4.898  |
|26          |4.899  |
|19,36       |4.901  |
|26          |4.902  |
|17,36       |4.906  |
|15,4        |4.907  |
|29,5        |4.908  |
|17,0526     |4.911  |
|12          |4.912  |
|11,3333     |4.913  |
|11          |4.914  |
|15,72       |4.916  |
|21          |4.917  |
|25          |4.918  |
|19,1923     |4.921  |
|19,2857     |4.922  |
|5           |4.923  |
|18,2069     |4.926  |
|17,125      |4.927  |
|17,6316     |4.931  |
|20          |4.932  |
|20,0526     |4.936  |
|20,6667     |4.937  |
|20,125      |4.941  |
|25          |4.942  |
|17,2667     |4.946  |
|22,8333     |4.947  |
|16,8333     |4.951  |
|17          |4.952  |
|10          |4.953  |
|14          |4.954  |
|7           |4.955  |
|19,4583     |4.956  |
|18          |4.957  |
|9           |4.958  |
|14          |4.959  |
|16,9565     |4.961  |
|20,1333     |4.962  |
|17,3333     |4.963  |
|22,5        |4.964  |
|18,7838     |4.966  |
|17,1111     |4.967  |
|15          |4.968  |
|20          |4.969  |
|20,9722     |4.971  |
|18,3333     |4.972  |
|6           |4.973  |
|17          |4.974  |
|17,7297     |4.976  |
|18,5455     |4.977  |
|23,5        |4.978  |
|25          |4.979  |
|18,4595     |4.981  |
|20,5        |4.982  |
|22,3333     |4.983  |
|21          |4.984  |
|17,15       |4.986  |
|21,6667     |4.987  |
|12          |4.988  |
|17,6486     |4.991  |
|17,6667     |4.992  |
|22,5        |4.993  |
|21,3235     |4.996  |
|13          |4.997  |
|7           |4.998  |
|19,9655     |5.001  |
|24,1667     |5.002  |
|26          |5.003  |
|18,3704     |5.006  |
|15,8571     |5.007  |
|15          |5.008  |
|16,2        |5.011  |
|18,5556     |5.012  |
|6,25        |5.013  |
|15          |5.014  |
|14,5        |5.016  |
|20,2857     |5.017  |
|24,6667     |5.018  |
|17,6        |5.021  |
|20,5        |5.022  |
|18,9459     |5.026  |
|21,8571     |5.027  |
|4           |5.028  |
|19,425      |5.031  |
|21,125      |5.032  |
|19,5455     |5.036  |
|20,375      |5.037  |
|3           |5.038  |
|20          |5.039  |
|18,725      |5.041  |
|25          |5.042  |
|19,3611     |5.046  |
|15          |5.047  |
|27          |5.048  |
|18,4848     |5.051  |
|15,6        |5.052  |
|15,3333     |5.053  |
|21,037      |5.056  |
|23,6        |5.057  |
|9           |5.058  |
|4           |5.059  |
|18          |5.060  |
|16,7692     |5.061  |
|17,7143     |5.062  |
|28          |5.063  |
|18,3571     |5.066  |
|16,5556     |5.067  |
|24,3333     |5.068  |
|16,037      |5.071  |
|21,8        |5.072  |
|19          |5.073  |
|19,1739     |5.076  |
|18,3333     |5.077  |
|21          |5.081  |
|11,6667     |5.082  |
|15,6667     |5.083  |
|18,3636     |5.086  |
|17,6        |5.087  |
|17,5        |5.088  |
|20,0741     |5.091  |
|14,75       |5.092  |
|22,5        |5.093  |
|16,8214     |5.096  |
|20,25       |5.097  |
|6           |5.098  |
|18,5152     |5.101  |
|15,7778     |5.102  |
|22          |5.103  |
|19,5        |5.106  |
|15,8333     |5.107  |
|6           |5.108  |
|17,7879     |5.111  |
|22          |5.112  |
|10          |5.113  |
|19,0455     |5.116  |
|21,25       |5.117  |
|33          |5.118  |
|17,8438     |5.121  |
|16,3        |5.122  |
|13,5        |5.123  |
|11,5        |5.124  |
|8           |5.125  |
|15,6111     |5.126  |
|12          |5.127  |
|18,3        |5.131  |
|20,75       |5.132  |
|3           |5.133  |
|18,5        |5.136  |
|20,8333     |5.137  |
|21,5        |5.138  |
|15,1429     |5.141  |
|20,6        |5.142  |
|28          |5.143  |
|19,9474     |5.146  |
|20,5        |5.147  |
|29          |5.148  |
|17,05       |5.151  |
|7,6667      |5.152  |
|32          |5.153  |
|16,8571     |5.156  |
|16,6667     |5.157  |
|20,1538     |5.161  |
|28          |5.162  |
|17,2727     |5.166  |
|12,5        |5.167  |
|19          |5.168  |
|18,2308     |5.171  |
|16          |5.172  |
|24,5        |5.173  |
|17,8571     |5.176  |
|14,25       |5.177  |
|23,4        |5.181  |
|30          |5.182  |
|20,2        |5.186  |
|17,119      |5.191  |
|15,8889     |5.192  |
|17,25       |5.193  |
|18,05       |5.196  |
|17,7143     |5.197  |
|26          |5.198  |
|15,2553     |5.201  |
|20,1111     |5.202  |
|31          |5.203  |
|18,2927     |5.206  |
|17,8        |5.207  |
|5,5         |5.208  |
|9,5         |5.209  |
|6           |5.210  |
|17,6341     |5.211  |
|16,8889     |5.212  |
|11          |5.213  |
|20,0588     |5.216  |
|17,3333     |5.217  |
|13          |5.218  |
|18,15       |5.221  |
|18,7        |5.222  |
|15          |5.223  |
|15          |5.224  |
|10          |5.225  |
|18          |5.226  |
|24,5        |5.227  |
|24,5        |5.228  |
|17,0833     |5.231  |
|15,8        |5.232  |
|13          |5.233  |
|12          |5.234  |
|15,5909     |5.236  |
|20          |5.237  |
|33          |5.238  |
|16,3704     |5.241  |
|16,875      |5.242  |
|33          |5.243  |
|17,5909     |5.246  |
|14,5        |5.247  |
|20          |5.248  |
|21,7333     |5.251  |
|10,5        |5.252  |
|22,375      |5.256  |
|20,25       |5.257  |
|32          |5.258  |
|16,5714     |5.261  |
|20,8        |5.262  |
|12          |5.263  |
|14          |5.264  |
|15,9286     |5.266  |
|16,25       |5.267  |
|18          |5.268  |
|27          |5.269  |
|17,8182     |5.271  |
|7,6667      |5.272  |
|28          |5.273  |
|16,3714     |5.276  |
|16,8        |5.277  |
|17,25       |5.278  |
|19,5333     |5.281  |
|21,6667     |5.282  |
|13,5        |5.283  |
|23          |5.284  |
|20,1463     |5.286  |
|19,1111     |5.287  |
|17,6667     |5.288  |
|18,8421     |5.291  |
|24,1        |5.292  |
|17,9459     |5.296  |
|17,1111     |5.297  |
|31          |5.298  |
|17,1714     |5.301  |
|18,6667     |5.302  |
|15,3333     |5.303  |
|10,5        |5.304  |
|19          |5.305  |
|17,9474     |5.306  |
|15,4286     |5.307  |
|23,5        |5.308  |
|13          |5.309  |
|24          |5.310  |
|16,4545     |5.311  |
|18,2857     |5.312  |
|28,6667     |5.313  |
|17,3636     |5.316  |
|17,9        |5.317  |
|11          |5.318  |
|14,5        |5.319  |
|27          |5.320  |
|17,6        |5.321  |
|15,6667     |5.322  |
|12,6667     |5.323  |
|19,5        |5.324  |
|17,3529     |5.326  |
|17,5556     |5.327  |
|14,6667     |5.328  |
|23,5        |5.329  |
|15,2857     |5.331  |
|16,25       |5.332  |
|11          |5.333  |
|14,8276     |5.336  |
|17,8        |5.337  |
|21,6667     |5.338  |
|18,3077     |5.341  |
|17,25       |5.342  |
|19,5        |5.343  |
|16,8        |5.346  |
|21,5714     |5.347  |
|4           |5.348  |
|25          |5.349  |
|22,6        |5.351  |
|18,5        |5.352  |
|16,7333     |5.356  |
|10,8        |5.357  |
|20,5        |5.358  |
|25          |5.359  |
|14,0714     |5.361  |
|15          |5.362  |
|10          |5.363  |
|17,6154     |5.366  |
|16,8333     |5.367  |
|20,5        |5.368  |
|22,4        |5.371  |
|19          |5.372  |
|18,5625     |5.376  |
|9,3333      |5.377  |
|18,5        |5.381  |
|23,5        |5.382  |
|18,3704     |5.386  |
|14,6667     |5.387  |
|3           |5.388  |
|27          |5.389  |
|17,3056     |5.391  |
|15,25       |5.392  |
|17          |5.393  |
|22          |5.394  |
|16,9375     |5.396  |
|14,7        |5.397  |
|23          |5.398  |
|3,5         |5.399  |
|15          |5.400  |
|18,3714     |5.401  |
|16,3        |5.402  |
|30          |5.403  |
|19,3125     |5.406  |
|18,1667     |5.407  |
|4           |5.408  |
|12          |5.409  |
|22          |5.410  |
|17,4444     |5.411  |
|15          |5.412  |
|19,3333     |5.413  |
|30          |5.414  |
|19,3171     |5.416  |
|21,0909     |5.417  |
|16          |5.418  |
|17,2121     |5.421  |
|15,1667     |5.422  |
|14          |5.423  |
|20,75       |5.426  |
|29,3333     |5.427  |
|19,2963     |5.431  |
|18,9        |5.432  |
|16          |5.433  |
|18,65       |5.436  |
|17,6667     |5.437  |
|29          |5.438  |
|16,5556     |5.441  |
|10          |5.442  |
|17,5        |5.446  |
|16,625      |5.447  |
|26,3333     |5.448  |
|18,5909     |5.451  |
|13          |5.452  |
|19,6667     |5.453  |
|24          |5.454  |
|20,6        |5.456  |
|25,7143     |5.457  |
|20,7826     |5.461  |
|20,6667     |5.462  |
|16          |5.463  |
|12          |5.464  |
|15          |5.465  |
|16,7632     |5.466  |
|14,3636     |5.467  |
|21,7143     |5.468  |
|4           |5.469  |
|9           |5.470  |
|20,32       |5.471  |
|18,75       |5.472  |
|18          |5.473  |
|21,7143     |5.476  |
|17          |5.477  |
|8           |5.478  |
|13          |5.479  |
|6           |5.480  |
|18,28       |5.481  |
|13,5        |5.482  |
|15          |5.483  |
|29          |5.484  |
|17,28       |5.486  |
|22,2222     |5.487  |
|8           |5.488  |
|14,4286     |5.491  |
|17,8        |5.492  |
|29          |5.493  |
|18,5        |5.496  |
|22,6        |5.497  |
|29,5        |5.498  |
|14,45       |5.501  |
|23,75       |5.502  |
|16,8696     |5.506  |
|9           |5.507  |
|15,5        |5.508  |
|18          |5.509  |
|18,7778     |5.511  |
|15,25       |5.512  |
|18,7143     |5.516  |
|23          |5.517  |
|15,9355     |5.521  |
|23,25       |5.522  |
|15          |5.523  |
|17,3043     |5.526  |
|16,5        |5.527  |
|24,3333     |5.528  |
|17,5217     |5.531  |
|16,5        |5.532  |
|10          |5.533  |
|19,1613     |5.536  |
|17,5        |5.537  |
|20,2778     |5.541  |
|14,5        |5.542  |
|17          |5.543  |
|20,963      |5.546  |
|16,6667     |5.547  |
|30          |5.548  |
|14,5294     |5.551  |
|14,6667     |5.552  |
|13          |5.553  |
|20          |5.554  |
|22,2609     |5.556  |
|22,6        |5.557  |
|18,75       |5.561  |
|21,5        |5.562  |
|5           |5.563  |
|19,8947     |5.566  |
|19,3333     |5.567  |
|19          |5.568  |
|19,3684     |5.571  |
|12,4        |5.572  |
|15,6667     |5.573  |
|30          |5.574  |
|17          |5.576  |
|14,875      |5.577  |
|18,5        |5.578  |
|14          |5.579  |
|16,4444     |5.581  |
|18,2727     |5.582  |
|16,5        |5.583  |
|13          |5.584  |
|9           |5.585  |
|15,5814     |5.586  |
|15          |5.587  |
|20,3333     |5.588  |
|21          |5.589  |
|18,2        |5.591  |
|19,9        |5.592  |
|13          |5.593  |
|18,8182     |5.596  |
|19          |5.597  |
|13          |5.598  |
|12          |5.599  |
|19,871      |5.601  |
|14,6667     |5.602  |
|18,75       |5.606  |
|25,1667     |5.607  |
|24          |5.608  |
|13,3571     |5.611  |
|15,1538     |5.612  |
|13          |5.613  |
|18,8519     |5.616  |
|16,6667     |5.617  |
|9           |5.618  |
|17,4286     |5.621  |
|13,8        |5.622  |
|10          |5.623  |
|11          |5.624  |
|19,9565     |5.626  |
|18          |5.627  |
|15,5        |5.628  |
|16          |5.631  |
|18,7778     |5.632  |
|11,5        |5.633  |
|22          |5.634  |
|18,9545     |5.636  |
|15,4286     |5.637  |
|13,6667     |5.638  |
|21,5641     |5.641  |
|21,8        |5.642  |
|17,875      |5.646  |
|17,2        |5.647  |
|22          |5.648  |
|17,9778     |5.651  |
|17,4        |5.652  |
|14          |5.653  |
|19,9524     |5.656  |
|16,9091     |5.657  |
|14,3333     |5.658  |
|21          |5.659  |
|16,9688     |5.661  |
|16,375      |5.662  |
|16          |5.663  |
|17,04       |5.666  |
|23          |5.667  |
|18          |5.668  |
|18,4815     |5.671  |
|17          |5.672  |
|19,5        |5.673  |
|14          |5.674  |
|21          |5.675  |
|18,3182     |5.676  |
|15,4        |5.677  |
|20          |5.678  |
|20,25       |5.681  |
|20,6667     |5.682  |
|12          |5.683  |
|11          |5.684  |
|19,5357     |5.686  |
|16,2857     |5.687  |
|14,5        |5.688  |
|11          |5.689  |
|21          |5.691  |
|3           |5.692  |
|15,1739     |5.696  |
|19,1429     |5.697  |
|8,5         |5.698  |
|3           |5.699  |
|16          |5.700  |
|16,7241     |5.701  |
|8,5         |5.702  |
|3           |5.703  |
|32          |5.704  |
|17,8485     |5.706  |
|18,5        |5.707  |
|30,5        |5.708  |
|17,4138     |5.711  |
|20,8571     |5.712  |
|17,6667     |5.713  |
|20,24       |5.716  |
|19,4        |5.717  |
|20,5        |5.718  |
|14          |5.719  |
|19,087      |5.721  |
|14          |5.722  |
|19          |5.723  |
|18,3913     |5.726  |
|16,2857     |5.727  |
|16,5        |5.728  |
|17,5        |5.729  |
|8           |5.730  |
|17,8947     |5.731  |
|18,6        |5.732  |
|23          |5.733  |
|16,6667     |5.736  |
|18          |5.737  |
|7           |5.738  |
|17,75       |5.741  |
|17          |5.742  |
|19          |5.743  |
|19,5        |5.746  |
|23,25       |5.747  |
|15          |5.748  |
|30          |5.749  |
|19,8095     |5.751  |
|19,1667     |5.752  |
|22          |5.753  |
|17,88       |5.756  |
|15          |5.757  |
|26          |5.758  |
|13,1429     |5.761  |
|16,5        |5.762  |
|18          |5.763  |
|13,3333     |5.766  |
|16,75       |5.767  |
|16,1111     |5.771  |
|20,3333     |5.772  |
|12          |5.776  |
|11          |5.777  |
|13          |5.781  |
|15          |5.782  |
|15,125      |5.786  |
|8           |5.787  |
|8           |5.788  |
|17,5        |5.789  |
|16          |5.790  |
|19,825      |5.791  |
|24,8        |5.792  |
|18,5366     |5.796  |
|20,0909     |5.797  |
|9,6667      |5.798  |
|22          |5.799  |
|18,0556     |5.801  |
|18,3333     |5.802  |
|11,5        |5.803  |
|12          |5.804  |
|33          |5.805  |
|15,9032     |5.806  |
|19,7692     |5.807  |
|18          |5.808  |
|15,2632     |5.811  |
|16,25       |5.812  |
|3           |5.813  |
|20,5429     |5.816  |
|18,2        |5.817  |
|11,5        |5.818  |
|19,1875     |5.821  |
|20,4615     |5.822  |
|32          |5.823  |
|16,6364     |5.826  |
|19,4545     |5.827  |
|25          |5.828  |
|17,1304     |5.831  |
|15,5        |5.832  |
|29,5        |5.833  |
|15,6        |5.836  |
|29          |5.837  |
|20,2273     |5.841  |
|10,75       |5.842  |
|19          |5.843  |
|33          |5.844  |
|16,75       |5.846  |
|15,1667     |5.847  |
|21,3333     |5.848  |
|19          |5.849  |
|13,3158     |5.851  |
|15,5        |5.852  |
|21,5        |5.853  |
|15,3214     |5.856  |
|18,6        |5.857  |
|24          |5.858  |
|14,5238     |5.861  |
|12,8571     |5.862  |
|11          |5.863  |
|22,1429     |5.866  |
|19,6667     |5.867  |
|29          |5.868  |
|13          |5.871  |
|16,3333     |5.872  |
|16          |5.873  |
|27          |5.874  |
|17,4545     |5.876  |
|8,6667      |5.877  |
|19          |5.878  |
|23,8889     |5.881  |
|22          |5.882  |
|17,2143     |5.886  |
|15,6667     |5.887  |
|18          |5.888  |
|18,625      |5.891  |
|6,5         |5.892  |
|23,1        |5.896  |
|22          |5.897  |
|14,625      |5.901  |
|16          |5.902  |
|32          |5.903  |
|18,3182     |5.906  |
|22,3333     |5.907  |
|19,5294     |5.911  |
|20,8        |5.912  |
|12,5        |5.913  |
|6,5         |5.914  |
|26          |5.915  |
|18,5        |5.916  |
|23,4        |5.917  |
|22,0278     |5.921  |
|21,3333     |5.922  |
|8           |5.923  |
|18,3421     |5.926  |
|17,7        |5.927  |
|19          |5.928  |
|26          |5.929  |
|18,9565     |5.931  |
|15,5        |5.932  |
|10          |5.933  |
|31          |5.934  |
|18,8571     |5.936  |
|19,75       |5.937  |
|24,5        |5.938  |
|18,7727     |5.941  |
|14,2        |5.942  |
|26          |5.943  |
|18,5217     |5.946  |
|14,6667     |5.947  |
|14          |5.948  |
|16,5        |5.949  |
|11          |5.950  |
|15,5769     |5.951  |
|19,625      |5.952  |
|22,25       |5.953  |
|21,2857     |5.956  |
|30          |5.957  |
|16,2105     |5.961  |
|14,5        |5.962  |
|31,5        |5.963  |
|16,9        |5.966  |
|25,2857     |5.967  |
|17,0889     |5.971  |
|17,2222     |5.972  |
|20,5        |5.973  |
|19,7391     |5.976  |
|18,4        |5.977  |
|25          |5.978  |
|18,8864     |5.981  |
|20,5455     |5.982  |
|17,5        |5.983  |
|11          |5.984  |
|8           |5.985  |
|18,9545     |5.986  |
|20,5        |5.987  |
|19,1277     |5.991  |
|19,6364     |5.992  |
|6           |5.993  |
|18          |5.994  |
|15,6286     |5.996  |
|16,6364     |5.997  |
|14,6667     |5.998  |
|28,5        |5.999  |
|16,1515     |6.001  |
|15,3636     |6.002  |
|14,5        |6.003  |
|25          |6.004  |
|21,5        |6.006  |
|23,8        |6.007  |
|19,1944     |6.011  |
|18          |6.012  |
|25,5        |6.013  |
|21,1786     |6.016  |
|14,6        |6.017  |
|24          |6.018  |
|18,2857     |6.021  |
|12,2222     |6.022  |
|32          |6.023  |
|18,1667     |6.026  |
|21          |6.027  |
|17          |6.028  |
|8           |6.029  |
|26          |6.030  |
|16,6286     |6.031  |
|22,1111     |6.032  |
|22          |6.033  |
|17,3125     |6.036  |
|23,2222     |6.037  |
|24,75       |6.041  |
|17,375      |6.046  |
|17,6667     |6.047  |
|5           |6.048  |
|20,25       |6.051  |
|20,8462     |6.056  |
|27          |6.057  |
|19,2857     |6.061  |
|23,2        |6.062  |
|24          |6.063  |
|18,7857     |6.066  |
|17          |6.067  |
|24          |6.068  |
|12,3333     |6.071  |
|9           |6.072  |
|15,6        |6.076  |
|19,8571     |6.077  |
|16,5278     |6.081  |
|20          |6.082  |
|16,3333     |6.083  |
|23          |6.084  |
|17,4688     |6.086  |
|19,25       |6.087  |
|9           |6.088  |
|30          |6.089  |
|18,5789     |6.091  |
|14,25       |6.092  |
|13,3333     |6.093  |
|11          |6.094  |
|6           |6.095  |
|20          |6.096  |
|22          |6.097  |
|33          |6.098  |
|17,0286     |6.101  |
|17,2857     |6.102  |
|14,6        |6.103  |
|10,3333     |6.104  |
|15,8387     |6.106  |
|12,625      |6.107  |
|28          |6.108  |
|17,9375     |6.111  |
|16,4        |6.112  |
|31          |6.113  |
|21,6818     |6.116  |
|13          |6.117  |
|13          |6.118  |
|23          |6.119  |
|16,8696     |6.121  |
|25,3333     |6.122  |
|29          |6.123  |
|16,1364     |6.126  |
|20          |6.127  |
|30          |6.128  |
|17,7273     |6.131  |
|14,3333     |6.132  |
|9           |6.133  |
|16,9545     |6.136  |
|21          |6.137  |
|23          |6.138  |
|19,5238     |6.141  |
|19          |6.142  |
|15,7273     |6.146  |
|12,75       |6.147  |
|28          |6.148  |
|17,7143     |6.151  |
|12,8333     |6.152  |
|20,5        |6.153  |
|15,5        |6.156  |
|17,5        |6.157  |
|24,6667     |6.158  |
|24,25       |6.161  |
|17,3333     |6.166  |
|8           |6.167  |
|14,75       |6.171  |
|16,5        |6.172  |
|31          |6.173  |
|19,125      |6.176  |
|18,3846     |6.181  |
|18          |6.182  |
|13,9091     |6.186  |
|21          |6.187  |
|20,3571     |6.191  |
|13,6667     |6.192  |
|18,9        |6.196  |
|19,5        |6.197  |
|17          |6.201  |
|12,25       |6.202  |
|22          |6.203  |
|16,9722     |6.206  |
|22,2        |6.207  |
|21,0556     |6.211  |
|15          |6.212  |
|20,75       |6.213  |
|20          |6.214  |
|17,3333     |6.216  |
|18,3077     |6.217  |
|14          |6.218  |
|15          |6.219  |
|18,8889     |6.221  |
|11,5        |6.222  |
|15          |6.223  |
|17,7857     |6.226  |
|13,5        |6.227  |
|14,25       |6.228  |
|19,5        |6.229  |
|5           |6.230  |
|16,8182     |6.231  |
|17          |6.232  |
|18          |6.233  |
|20,3667     |6.236  |
|13          |6.237  |
|21          |6.238  |
|18,4        |6.241  |
|13,1667     |6.242  |
|8,6667      |6.243  |
|13          |6.244  |
|19,8182     |6.246  |
|4,3333      |6.247  |
|14,3333     |6.248  |
|6           |6.249  |
|26          |6.250  |
|18,6522     |6.251  |
|16,7143     |6.252  |
|15,5789     |6.256  |
|14,6667     |6.257  |
|11,5        |6.258  |
|17,7        |6.261  |
|17          |6.262  |
|4           |6.263  |
|17,7917     |6.266  |
|11,125      |6.267  |
|32          |6.268  |
|18,48       |6.271  |
|20,1429     |6.272  |
|28          |6.273  |
|17,6522     |6.276  |
|23,7778     |6.277  |
|23          |6.278  |
|7           |6.279  |
|21          |6.280  |
|20          |6.281  |
|8,5         |6.282  |
|16,8824     |6.286  |
|15,7143     |6.287  |
|10          |6.288  |
|11          |6.289  |
|21,6667     |6.290  |
|15,1026     |6.291  |
|18,9286     |6.292  |
|29,5        |6.293  |
|16,9487     |6.296  |
|15,4        |6.297  |
|19          |6.298  |
|14,5625     |6.301  |
|21,9        |6.302  |
|29          |6.303  |
|16,5588     |6.306  |
|18,3333     |6.307  |
|16,7838     |6.311  |
|18          |6.312  |
|28          |6.313  |
|16          |6.316  |
|15,6667     |6.317  |
|20,5        |6.318  |
|30          |6.319  |
|17,381      |6.321  |
|18,8333     |6.322  |
|17,4286     |6.326  |
|17,4        |6.327  |
|28          |6.328  |
|17,7857     |6.331  |
|20          |6.332  |
|13          |6.333  |
|26          |6.334  |
|19,4211     |6.336  |
|10,5        |6.337  |
|16          |6.338  |
|13          |6.339  |
|18,5714     |6.341  |
|19,3333     |6.342  |
|17,4211     |6.346  |
|17,5        |6.347  |
|18          |6.348  |
|11          |6.349  |
|20,9474     |6.351  |
|17,5        |6.352  |
|14          |6.353  |
|10          |6.354  |
|16,375      |6.356  |
|19,75       |6.357  |
|14,3333     |6.358  |
|16,2        |6.361  |
|16,7        |6.362  |
|23,6667     |6.363  |
|20,7        |6.366  |
|13,5        |6.367  |
|33          |6.368  |
|17,0606     |6.371  |
|16          |6.372  |
|20          |6.373  |
|17,2895     |6.376  |
|19,3636     |6.377  |
|15          |6.378  |
|26          |6.379  |
|15,6875     |6.381  |
|19,3636     |6.382  |
|20,5        |6.383  |
|14,9714     |6.386  |
|20          |6.387  |
|33          |6.388  |
|17,4211     |6.391  |
|13,3636     |6.392  |
|23,6        |6.393  |
|17,1613     |6.396  |
|17,5833     |6.397  |
|18,75       |6.398  |
|16          |6.399  |
|18,4286     |6.401  |
|26          |6.402  |
|22          |6.403  |
|15,125      |6.406  |
|21,1429     |6.407  |
|12          |6.408  |
|24          |6.409  |
|17,3333     |6.411  |
|24,8333     |6.412  |
|18,04       |6.416  |
|14          |6.417  |
|32          |6.418  |
|17,0455     |6.421  |
|15,25       |6.422  |
|9           |6.423  |
|17,65       |6.426  |
|18,375      |6.427  |
|29          |6.428  |
|18,9643     |6.431  |
|15,4286     |6.432  |
|9,3333      |6.433  |
|21          |6.434  |
|16,3448     |6.436  |
|19,5556     |6.437  |
|6           |6.438  |
|13          |6.439  |
|4           |6.440  |
|17,5667     |6.441  |
|13,1111     |6.442  |
|18,75       |6.443  |
|15,931      |6.446  |
|17,75       |6.447  |
|22          |6.448  |
|18          |6.449  |
|17,1923     |6.451  |
|11,6        |6.452  |
|25,5        |6.453  |
|18,1071     |6.456  |
|18,5556     |6.457  |
|16,5        |6.458  |
|10          |6.459  |
|16,6765     |6.461  |
|17,4545     |6.462  |
|17,2        |6.463  |
|19,0741     |6.466  |
|13,6667     |6.467  |
|8           |6.468  |
|18,6667     |6.469  |
|32          |6.470  |
|21,1111     |6.471  |
|18,6316     |6.476  |
|13,5        |6.477  |
|9           |6.478  |
|12          |6.479  |
|16,5909     |6.481  |
|16          |6.482  |
|16,3333     |6.483  |
|17,7143     |6.486  |
|24,75       |6.487  |
|14,875      |6.491  |
|18          |6.492  |
|10,3333     |6.493  |
|14,7857     |6.496  |
|16,25       |6.497  |
|27          |6.498  |
|17,8571     |6.501  |
|11,5        |6.502  |
|29          |6.503  |
|17,5294     |6.506  |
|14          |6.507  |
|16,6667     |6.508  |
|15          |6.509  |
|17,9737     |6.511  |
|21,8        |6.512  |
|21          |6.513  |
|18,9773     |6.516  |
|16,8571     |6.517  |
|22,6667     |6.518  |
|24          |6.519  |
|16,4884     |6.521  |
|22,1667     |6.522  |
|23          |6.523  |
|18,2188     |6.526  |
|19,1818     |6.527  |
|29          |6.528  |
|18,4286     |6.531  |
|19,8333     |6.532  |
|11          |6.533  |
|6           |6.534  |
|20,4828     |6.536  |
|18,8333     |6.537  |
|15,6667     |6.538  |
|29          |6.539  |
|15,5625     |6.541  |
|14,2857     |6.542  |
|7           |6.543  |
|20,5        |6.544  |
|18,1463     |6.546  |
|15,0909     |6.547  |
|21,2        |6.548  |
|25          |6.549  |
|19,7111     |6.551  |
|15,6923     |6.552  |
|23,6667     |6.553  |
|6           |6.554  |
|19          |6.555  |
|16,5        |6.556  |
|15,2857     |6.557  |
|22,3333     |6.558  |
|19,9615     |6.561  |
|18,1667     |6.562  |
|9           |6.563  |
|14,3043     |6.566  |
|12,7778     |6.567  |
|16,5        |6.568  |
|6           |6.569  |
|14          |6.570  |
|19,9524     |6.571  |
|13,8571     |6.576  |
|13,3333     |6.577  |
|3           |6.578  |
|19,1111     |6.581  |
|20,2857     |6.582  |
|22          |6.583  |
